10
47647 47647 47647 47647 47647 47647 47647 47647 47647 47647
0 648976 923670 729202 376292 980361 360306 644773 855997 776479
648976 0 159291 108614 171585 709372 332664 722441 398740 111481
923670 159291 0 968014 857004 227286 612313 389756 476568 586509
729202 108614 968014 0 868489 842117 292051 491410 544290 445381
376292 171585 857004 868489 0 726064 29665 233664 4298 361698
980361 709372 227286 842117 726064 0 586458 300625 310517 506254
360306 332664 612313 292051 29665 586458 0 803622 882712 263509
644773 722441 389756 491410 233664 300625 803622 0 304809 405287
855997 398740 476568 544290 4298 310517 882712 304809 0 67420
776479 111481 586509 445381 361698 506254 263509 405287 67420 0
