100
15661 15661 15661 15661 15661 15661 15661 15661 15661 15661 15661 15661 15661 15661 15661 15661 15661 15661 15661 15661 15661 15661 15661 15661 15661 15661 15661 15661 15661 15661 15661 15661 15661 15661 15661 15661 15661 15661 15661 15661 15661 15661 15661 15661 15661 15661 15661 15661 15661 15661 15661 15661 15661 15661 15661 15661 15661 15661 15661 15661 15661 15661 15661 15661 15661 15661 15661 15661 15661 15661 15661 15661 15661 15661 15661 15661 15661 15661 15661 15661 15661 15661 15661 15661 15661 15661 15661 15661 15661 15661 15661 15661 15661 15661 15661 15661 15661 15661 15661 15661
0 289472 142243 247437 327516 893759 16130 673903 688779 76943 278847 871988 416931 501034 8225 813190 413662 205271 59102 378807 814134 194770 725211 929621 877992 119188 642786 916420 721873 149682 147026 578604 623771 443853 536055 511437 821040 730022 50354 150958 528261 979307 41965 142431 959720 289282 186836 306513 777119 353292 746291 942204 877775 98384 122837 394277 731071 640948 349640 249067 903976 812661 149975 422126 144897 82864 387465 459635 904352 190147 264926 397322 325128 173648 125721 643842 463648 169623 658627 896840 763642 862186 810038 743316 806915 610657 32438 907506 795244 334716 467205 452534 584290 686346 344439 702644 434093 279495 581843 63174
289472 0 600499 975671 353437 918797 146319 805004 947723 830445 928160 106309 162021 689268 588114 667125 454760 422242 399770 545544 901927 106533 415413 99177 337276 465672 136052 561606 213142 812142 89045 580983 845347 748085 475833 553475 529958 419810 17448 974372 731240 777950 156451 691450 705593 620100 959411 402609 328815 478796 843202 686166 957291 573909 529450 569918 333320 654946 999465 378537 4033 167551 65290 346547 975234 364727 561635 309750 26566 85488 221297 740411 879439 286524 568236 593113 657585 482341 741305 780776 815907 509295 744594 965018 888003 848878 694731 342749 891510 300751 420064 27999 180146 248040 286186 631087 703745 903710 523436 84983
142243 600499 0 782546 605982 463191 399245 739232 921830 618438 446808 564414 476538 206313 463968 955594 286600 483165 712457 42116 996027 351429 448934 895179 91842 466009 240469 661228 725617 886431 209009 248578 5766 889659 706794 601711 422374 905813 756956 664189 410628 525581 320462 117201 433511 357708 9456 997909 256795 637548 95517 56474 520096 923839 144003 153745 648493 607371 387158 195232 500993 988462 909138 64245 673202 381713 711602 318035 702308 226158 528297 618640 639701 23717 164767 680650 58973 850875 739994 837112 174249 918412 890930 187688 523930 724227 409519 628313 784594 398750 371345 672054 787470 691497 14988 989024 924380 245851 510828 695881
247437 975671 782546 0 543521 895410 67092 104889 748992 444261 266890 492834 764633 550088 217912 997865 873828 263040 273664 782987 473332 750027 319885 931361 272693 775846 50911 373059 810918 977855 378165 428337 483206 502606 690176 103164 739032 467308 661977 858569 228762 664651 537113 266386 513410 704455 722660 400178 799955 93084 306114 883681 296819 855345 351645 396947 440755 548289 272954 226838 831478 58398 757638 989546 883226 24093 81319 914785 827394 493228 182072 126295 923513 232255 534620 641411 903268 954816 797534 896797 88184 37871 247972 290203 180068 112122 904190 580995 67840 97750 974149 325238 566664 120545 513851 314818 904732 625039 632382 903434
327516 353437 605982 543521 0 380070 316585 386480 492343 589933 846935 500661 484629 142559 134463 63222 760902 563286 417200 363572 537624 605313 936967 201919 52884 774688 780364 514647 279948 20410 360418 166284 457238 444251 412892 937974 793016 99083 915005 789190 660038 51681 840277 23496 355255 985005 984143 713047 12767 272026 115071 782453 449500 248906 866823 88159 352167 435155 902435 13431 132630 789929 332097 677697 584139 385178 236454 136799 349643 34085 783644 239100 356799 881594 42918 708379 221863 500662 31213 187991 301624 393372 9439 135382 960691 656994 333925 886721 76678 801785 438002 310916 342931 453879 164685 566363 984115 233546 746581 152948
893759 918797 463191 895410 380070 0 52389 912770 366634 341765 558034 466971 291662 235189 158765 269962 944123 475961 940417 303813 304768 778592 549282 61794 555149 191987 994005 513988 49875 317240 843748 741211 955877 636948 744392 876005 10353 331595 863723 798589 106553 876924 602738 918075 342962 764897 239956 152006 377310 135785 378654 416577 927086 893502 478063 451723 900824 654629 478510 354794 695038 591895 263413 380134 431026 874688 109882 473989 139099 792340 307120 891285 652732 911869 468502 347383 231096 517837 965004 540331 307000 927047 662562 576797 207054 411750 123206 84917 363541 982986 605544 148761 542763 240823 60280 522356 407549 820881 747596 247129
16130 146319 399245 67092 316585 52389 0 607049 882639 576740 150971 280136 258218 969112 17353 578825 749052 609338 463501 929276 184220 432288 294264 721505 813486 718719 226014 871848 904864 416248 995173 649974 130683 645606 783901 907990 768031 547993 749065 90592 354972 809835 438638 129087 858309 51214 908834 104408 443991 223187 340578 485149 81598 366037 606941 110197 595232 249305 793750 348780 346794 661857 379603 433208 221063 338835 460697 910985 210951 928849 807754 749867 970268 93333 669135 148202 554627 750618 549983 684497 584802 628658 127848 13940 772678 880369 988140 727961 652543 103773 609110 937514 737740 706376 689128 149087 896424 991378 518932 969058
673903 805004 739232 104889 386480 912770 607049 0 198383 820096 606726 499115 230765 493265 5773 15894 626326 918640 686115 8821 439695 37316 685198 101925 744640 696048 823435 755804 684118 587519 438045 227588 616831 627139 946383 274085 287447 703828 218838 48063 171701 689194 712578 801712 504880 11069 377630 700800 25418 630871 310374 287949 213145 63425 939017 593555 290905 221443 235114 293332 378070 955333 579765 938620 280198 347059 988596 974176 265092 795690 420324 728184 599623 21431 677436 726371 898187 456833 700170 846973 71271 748268 165001 573842 469659 489452 553060 163159 343822 575249 375752 522917 542316 789018 865260 435022 171907 519823 19967 286752
688779 947723 921830 748992 492343 366634 882639 198383 0 393877 906279 33524 576521 50215 938941 952941 527580 242582 296591 421916 557874 443374 790769 868709 926303 720397 610549 100432 90709 868031 806310 397234 866218 655237 679004 810057 23835 553327 888735 637260 762807 83502 966184 16200 894542 609293 352930 380962 673611 289028 923337 870923 274595 476454 621923 819787 797963 998393 374521 577427 367937 877039 888999 22941 788624 537727 876283 768 179898 159040 242214 648390 980708 874971 725510 926416 857540 731872 998908 924489 788412 255853 324843 546851 947763 959163 627545 788009 567400 644902 513214 620708 689650 126185 96720 982786 572890 599882 540833 348066
76943 830445 618438 444261 589933 341765 576740 820096 393877 0 491335 273394 720270 722106 798124 499101 820064 938006 198378 616280 283538 156384 353059 668354 554714 359369 138145 572399 296004 402455 902115 377976 226286 257534 193125 646659 476023 135932 304384 236370 245118 470867 341585 714801 566452 689481 763597 125036 149994 861806 863706 107206 732850 579256 284691 503922 57423 668027 187390 945704 385122 964379 626748 24715 809523 135078 654087 47868 596385 749766 842524 234654 855298 240543 932482 418233 371915 514175 847496 24083 416899 335609 664656 369321 448168 344522 573888 691944 808599 770202 459040 156283 47116 121620 555007 757810 501487 861986 940143 481109
278847 928160 446808 266890 846935 558034 150971 606726 906279 491335 0 107214 727440 233247 678532 43601 748846 109199 522316 95154 78451 829425 937389 865602 984892 580890 25039 9480 833765 114806 855140 909195 118915 620334 288620 772960 573851 824775 613694 24017 382781 198489 586563 354535 71457 424669 576275 874092 690083 55942 508045 575334 244210 544297 815677 873972 460199 739530 41511 197926 874925 53924 394934 742169 362803 819024 396814 508266 390700 796324 912590 586114 46424 322218 926833 369445 716910 83456 273758 382950 235002 105726 484733 403171 645631 126399 655542 229614 327131 23332 863165 621139 680832 538767 107042 300648 329311 502795 648188 458155
871988 106309 564414 492834 500661 466971 280136 499115 33524 273394 107214 0 235259 269667 885202 223147 807584 287429 786345 767477 684184 504000 854295 224052 675011 630255 696880 703061 876835 352826 308598 852482 264258 256911 232540 831914 565394 667246 626321 780601 820036 740299 570199 169133 504827 926978 131080 149014 567817 750271 237978 390552 253960 925312 642281 114172 105805 422597 704848 537236 796541 138918 344787 532056 247915 121901 363177 450765 164438 134089 70414 353849 680167 687657 456433 938149 922094 386073 580070 412514 832440 319330 332019 48442 211770 743607 39167 692197 377790 644124 669906 328772 102824 125765 154249 951407 262819 426484 77599 29368
416931 162021 476538 764633 484629 291662 258218 230765 576521 720270 727440 235259 0 113033 497607 611707 910111 207252 468235 3393 53557 399024 766631 466485 57619 520724 797069 806830 479192 109452 980241 419821 723848 710905 591856 873638 188821 391289 23880 864599 573935 143004 76289 957324 346549 135040 13228 139240 712409 622363 996555 609639 104852 843868 704892 780691 327283 356177 818793 823653 672581 522526 920883 393754 310105 493709 949414 676454 661435 969332 908223 431909 638007 488084 501759 452684 798716 933586 79940 148023 217491 908968 84929 474180 969411 767421 665355 385934 337357 654841 581705 44572 801036 693035 556197 856580 774904 151711 69146 330625
501034 689268 206313 550088 142559 235189 969112 493265 50215 722106 233247 269667 113033 0 374556 457651 406990 528045 561649 359224 605894 228146 812761 569787 633134 589811 745085 496431 816771 813985 298172 808561 613250 502864 94875 855993 31527 76953 197269 563397 971470 320638 219836 531555 375262 304483 656501 151172 873633 266072 412012 618254 892892 283488 283590 941037 960234 243870 916635 956995 397163 62355 575399 708289 527450 141790 451429 60566 41783 808650 550416 517360 62064 535010 949236 564926 756515 612716 974199 539820 240779 770309 527069 414474 643912 57847 347390 9785 863254 22049 65240 335487 446545 857919 66549 681841 607156 925252 444823 906628
8225 588114 463968 217912 134463 158765 17353 5773 938941 798124 678532 885202 497607 374556 0 490191 639964 601032 554703 307025 136701 514500 508328 794293 640457 207902 273993 363360 326134 671819 555800 183387 925870 743567 917740 499339 200858 967224 200552 165749 247522 377847 465800 233836 1865 915645 508747 196655 537960 502151 550970 64900 836857 929772 907225 248984 756615 489350 554297 76778 704090 677355 987467 39101 135135 162310 173643 367610 470048 389961 436003 555784 228070 97371 895750 407486 868902 67783 497682 331556 968218 822923 671575 221739 733462 910586 902053 330884 788874 357337 714176 816157 541869 523018 276651 189093 584618 601887 789309 78912
813190 667125 955594 997865 63222 269962 578825 15894 952941 499101 43601 223147 611707 457651 490191 0 813043 862040 734710 909287 673527 989829 383792 322318 200961 983935 868557 365386 226755 644360 883013 222114 404316 462249 964562 162185 399860 457695 693761 868240 749469 695265 81785 132269 749601 583291 432857 253679 506425 348813 584269 447140 32248 856864 775672 289722 352192 123007 653973 710164 273120 893558 580330 993192 941686 269701 935137 742567 779842 950035 916132 332589 822445 617575 698455 720358 260710 743754 859913 361476 328875 585346 97669 133305 782213 716590 751210 633482 421868 92964 436590 376158 12645 807403 857535 756442 353968 131764 732503 587053
413662 454760 286600 873828 760902 944123 749052 626326 527580 820064 748846 807584 910111 406990 639964 813043 0 228002 924011 256709 309460 760532 550048 868291 585093 409515 874102 305827 426646 109682 571917 533847 84620 663568 216377 22873 539916 962466 800263 560217 374756 187204 913998 717341 405195 170317 118992 521815 583623 347814 704464 775618 728716 834657 120031 502412 890656 256194 775456 518022 52835 139787 661047 379969 895315 128446 722945 664102 545189 746556 181357 633337 234644 185995 417338 392170 356606 396465 636422 748498 467802 98550 622720 646600 224685 228768 586621 881892 931325 250574 672850 814363 860281 633541 835711 777163 408104 337399 801175 588462
205271 422242 483165 263040 563286 475961 609338 918640 242582 938006 109199 287429 207252 528045 601032 862040 228002 0 545689 13997 465752 656555 928375 686655 596124 111656 604941 967428 722453 836738 590281 631386 76231 332350 737310 471492 425306 452444 984541 744726 858437 152378 487954 771603 773937 257837 360147 112262 38850 644126 798934 437994 320679 866788 107502 246013 523310 894802 457321 306154 680779 309428 340808 121405 398463 488312 19806 381381 644838 258829 485386 571088 77560 743875 155348 318612 896619 885443 587462 534277 292955 11376 815664 38284 231725 333846 450901 820305 365830 835325 107729 183489 936260 96971 394160 640792 698975 678708 418330 891292
59102 399770 712457 273664 417200 940417 463501 686115 296591 198378 522316 786345 468235 561649 554703 734710 924011 545689 0 436986 118121 611526 312187 584274 586887 857754 408641 232647 379150 630814 158370 596109 432235 535142 26744 551127 230767 946160 837168 587374 499658 948739 422606 572513 936473 275821 854446 863495 324778 915543 417998 560353 657959 542452 327018 195469 549982 136862 38116 484531 153458 834098 466854 753232 180655 362335 505743 130260 828466 248835 192522 669561 816289 935947 859525 129249 751782 717694 966447 487766 913001 257537 877337 337268 73483 641525 279408 58326 881119 779091 786729 567974 46091 377658 107459 563292 190338 821683 201173 113123
378807 545544 42116 782987 363572 303813 929276 8821 421916 616280 95154 767477 3393 359224 307025 909287 256709 13997 436986 0 945340 816208 37223 486992 61584 801995 3238 973196 220288 405098 219655 288365 659235 175820 981279 226265 993498 664863 72129 673465 798884 719298 205684 207320 398031 291353 845852 687421 763717 229488 30899 993428 959897 859065 552524 263343 226473 563161 175939 468305 657035 998873 712974 169829 85862 261088 270612 956718 43241 120227 565852 629014 522886 648897 769350 558170 241661 830479 884161 364718 427474 448151 394699 615179 22320 341742 671163 77031 248366 371040 88650 135235 119194 680371 701666 162184 509127 256772 637262 763223
814134 901927 996027 473332 537624 304768 184220 439695 557874 283538 78451 684184 53557 605894 136701 673527 309460 465752 118121 945340 0 804221 137119 626575 759348 753584 426800 937699 491994 351955 978150 412425 549093 857559 691200 992865 427357 429417 581641 684945 518959 844937 490739 556784 528955 384602 132111 705215 870387 1202 189786 867936 80308 144862 916192 326849 600669 609176 499916 787760 510511 108496 415236 932784 746987 653990 624586 624822 815041 146447 86022 503704 241533 869876 60724 536101 402430 622339 66038 847527 882063 403275 452806 418104 891556 237307 376766 865412 891222 674215 904688 10484 116564 655652 98369 980231 27343 73264 907129 336896
194770 106533 351429 750027 605313 778592 432288 37316 443374 156384 829425 504000 399024 228146 514500 989829 760532 656555 611526 816208 804221 0 953430 615862 605189 5713 669446 959478 504867 479996 728887 859484 158349 811112 645950 840964 684716 327328 655488 622156 96839 223327 189658 373899 291240 996269 340241 78869 955502 848471 304410 851171 289977 189945 379078 464392 795569 710264 262632 646243 28923 525063 397976 580285 602577 524154 459921 208095 849642 790165 366502 702273 89002 166434 848607 695361 544479 959861 190418 599594 663732 830630 83494 568112 518600 195363 177084 229210 785777 747271 798514 99692 171306 329390 898857 766048 179129 504532 372723 497533
725211 415413 448934 319885 936967 549282 294264 685198 790769 353059 937389 854295 766631 812761 508328 383792 550048 928375 312187 37223 137119 953430 0 929079 803910 394768 80142 804267 622671 520930 832061 580247 232800 510649 95602 908753 749609 684329 260457 707623 96133 932673 982540 731079 471859 152006 881641 49811 70875 65424 867032 203644 249343 499664 960867 103834 516582 823832 85702 867198 490368 499962 555483 740384 996270 732459 496199 552503 280768 825761 664872 563568 334436 933976 877194 160122 18366 317048 189727 825667 4398 134710 145746 573801 30234 763927 849534 446042 613168 944260 683006 912541 401242 137503 325380 37598 740488 28728 225996 233262
929621 99177 895179 931361 201919 61794 721505 101925 868709 668354 865602 224052 466485 569787 794293 322318 868291 686655 584274 486992 626575 615862 929079 0 815298 972776 154890 180965 381962 555821 414112 625885 158780 917902 210626 698033 510189 898677 193602 267817 607385 363943 204413 229403 995694 434027 182594 355089 37639 776313 213418 853551 606627 310726 682052 264736 37809 747845 965177 359685 235764 299903 93369 6781 386680 713314 584727 624433 571157 807651 489437 499314 67294 184263 998097 236062 312248 23786 706307 993198 263543 939872 550607 603404 545535 618218 237665 87911 740761 213128 976259 648746 114899 500830 251759 419482 602836 766529 457960 643099
877992 337276 91842 272693 52884 555149 813486 744640 926303 554714 984892 675011 57619 633134 640457 200961 585093 596124 586887 61584 759348 605189 803910 815298 0 968776 650487 502389 829863 887452 640284 886552 971062 256969 115926 506640 706365 756261 998866 879737 942017 687007 401515 127787 884553 724122 348145 588330 850516 662349 919856 164816 162578 752674 458657 610966 475376 344130 889658 628410 340710 815902 426266 92818 98887 569129 392116 548909 851366 531032 739872 681906 903066 553471 774739 217279 946526 194542 454102 448831 671308 750074 48868 472912 101715 847358 330253 451244 147704 968414 790566 360164 312 237275 407922 556073 489773 764062 832997 464761
119188 465672 466009 775846 774688 191987 718719 696048 720397 359369 580890 630255 520724 589811 207902 983935 409515 111656 857754 801995 753584 5713 394768 972776 968776 0 839071 27911 859492 863758 52111 795761 854504 15540 334280 124083 635616 171491 40452 230744 748342 768486 440851 85948 586271 686526 169926 977562 922937 590975 469442 873896 880170 269427 160574 479636 444906 703007 693863 857747 558726 349600 390220 91796 30208 467903 530284 192850 687977 574485 628498 333141 334596 598938 896845 43413 850781 469794 613387 31838 966415 971942 322337 828192 862033 799793 984222 726664 891770 703895 265896 142619 603689 351335 158502 621572 21147 300437 954979 14009
642786 136052 240469 50911 780364 994005 226014 823435 610549 138145 25039 696880 797069 745085 273993 868557 874102 604941 408641 3238 426800 669446 80142 154890 650487 839071 0 490763 725554 262801 543165 160405 856516 615500 393031 20992 603866 141693 236991 531511 520367 871045 394944 119842 621202 251051 584683 379699 584775 890708 670017 223072 995521 574458 933777 499734 263478 651747 346005 631728 363196 822059 70792 705552 498917 538030 307480 497439 515064 80655 938843 257824 19574 396877 802744 283605 650645 153810 389561 980371 322672 183015 761932 676416 720073 577963 10256 360087 718658 501467 794828 838095 605775 781772 398338 776474 204456 709618 435905 537631
916420 561606 661228 373059 514647 513988 871848 755804 100432 572399 9480 703061 806830 496431 363360 365386 305827 967428 232647 973196 937699 959478 804267 180965 502389 27911 490763 0 434508 122104 373947 590333 206392 905126 259809 140127 658325 576483 651419 273908 960266 43153 221389 678785 653623 177299 430183 111513 799247 709928 223662 219702 349478 518860 408082 181240 349766 628923 313149 750816 710701 409001 138415 622000 73695 691054 899695 137865 347782 916258 248402 781100 354464 210000 800105 412976 939889 780503 802930 48588 83112 109429 653138 509281 162562 241868 866530 826849 21226 114536 589773 748579 835798 384963 510505 910081 985871 566049 631055 784785
721873 213142 725617 810918 279948 49875 904864 684118 90709 296004 833765 876835 479192 816771 326134 226755 426646 722453 379150 220288 491994 504867 622671 381962 829863 859492 725554 434508 0 882788 672749 163964 63707 992489 54846 521852 732666 453704 713793 881742 913185 663907 959497 130763 755850 869024 892805 375900 170980 242083 172350 332005 920071 308121 464042 346325 446661 631613 605873 279508 798643 381580 2103 29703 788706 481353 377153 249162 114569 581121 666156 675106 69051 551705 440070 315431 413143 500359 730932 928295 99216 789744 544345 480002 211827 774408 381481 655090 311909 981507 93629 262248 818169 265638 926092 744535 50865 813086 665212 166122
149682 812142 886431 977855 20410 317240 416248 587519 868031 402455 114806 352826 109452 813985 671819 644360 109682 836738 630814 405098 351955 479996 520930 555821 887452 863758 262801 122104 882788 0 637021 37271 424535 923882 361355 90689 208190 586712 310907 959344 483231 140723 402824 890485 99255 66772 536631 619704 577281 848619 883678 418693 568706 577462 74851 548127 878744 906486 437197 3046 108275 694337 27068 81030 513693 545533 957938 698165 495533 540470 873915 513873 312615 534906 42509 235766 314591 130144 553490 402494 169812 819435 63750 731911 700850 497278 214703 745465 133857 673471 798886 940911 264960 433736 382933 617570 851329 204971 497469 471132
147026 89045 209009 378165 360418 843748 995173 438045 806310 902115 855140 308598 980241 298172 555800 883013 571917 590281 158370 219655 978150 728887 832061 414112 640284 52111 543165 373947 672749 637021 0 845952 126049 374579 297294 641999 864367 271301 918656 390112 790575 914004 408200 662674 636093 453730 59517 665717 448184 427506 908980 86536 326115 24619 817054 287620 521167 60961 845634 20161 270999 810785 813645 836724 75821 250070 84711 28484 961469 279873 85983 538276 888601 381645 798219 6286 401741 777488 126329 75096 708550 650031 350589 131038 554795 147808 860097 801406 555010 539405 657719 213529 121659 264004 656707 98849 922175 520086 108687 625093
578604 580983 248578 428337 166284 741211 649974 227588 397234 377976 909195 852482 419821 808561 183387 222114 533847 631386 596109 288365 412425 859484 580247 625885 886552 795761 160405 590333 163964 37271 845952 0 394305 238722 254252 538513 230363 710582 97051 149470 971098 41371 316641 882305 177128 966380 692654 143960 583830 321824 483475 695001 71043 778090 468891 509813 956573 567844 493929 785661 486002 312166 159179 609065 616531 229825 274285 105515 837422 511709 281920 721667 448111 631292 383356 384716 698754 965312 803866 470985 861536 904538 991128 144923 700292 10021 659245 227433 594234 425582 564890 329254 259419 672252 432392 335512 614049 987062 568523 750579
623771 845347 5766 483206 457238 955877 130683 616831 866218 226286 118915 264258 723848 613250 925870 404316 84620 76231 432235 659235 549093 158349 232800 158780 971062 854504 856516 206392 63707 424535 126049 394305 0 462759 110144 185458 554319 882919 134633 973474 353566 531124 828005 474427 531113 56440 904516 921375 390115 144430 797921 924209 661015 807398 865280 973006 411628 340110 117771 973291 251294 623369 703404 739389 848909 797816 825363 903674 950083 885965 233842 842252 226484 976181 359788 264644 573310 905795 880622 564190 906403 182878 734631 656571 58687 67694 537912 566908 724018 760363 647184 198640 496875 567893 224964 489546 564955 280252 831055 410689
443853 748085 889659 502606 444251 636948 645606 627139 655237 257534 620334 256911 710905 502864 743567 462249 663568 332350 535142 175820 857559 811112 510649 917902 256969 15540 615500 905126 992489 923882 374579 238722 462759 0 3009 28282 967051 949602 59142 147827 451066 574131 621786 139609 111877 252524 131878 536644 245336 289576 106606 708302 472453 568999 167447 584826 886161 664443 256387 327235 134070 730696 321704 664448 246291 889379 20455 458142 618886 799652 666365 991605 197889 204860 295343 256884 804086 812496 758359 442965 214768 310800 401531 890333 115860 964516 918461 917487 406431 22068 598036 11156 80907 48199 700950 437898 572306 359635 540545 391430
536055 475833 706794 690176 412892 744392 783901 946383 679004 193125 288620 232540 591856 94875 917740 964562 216377 737310 26744 981279 691200 645950 95602 210626 115926 334280 393031 259809 54846 361355 297294 254252 110144 3009 0 435444 925125 414383 652196 831893 386275 19656 220591 5315 235236 593670 318592 620898 527599 461486 712645 10849 164836 986938 684524 143696 301970 316452 190715 171895 372081 360944 32236 687389 486069 391028 218941 961184 491202 812136 482101 393789 833676 694593 121009 317902 738089 445530 635673 707488 623341 917248 653406 477166 988071 744030 484638 570589 354504 105751 699561 83425 678883 492724 360863 247447 377629 200011 145115 571528
511437 553475 601711 103164 937974 876005 907990 274085 810057 646659 772960 831914 873638 855993 499339 162185 22873 471492 551127 226265 992865 840964 908753 698033 506640 124083 20992 140127 521852 90689 641999 538513 185458 28282 435444 0 651264 522160 613579 947107 100401 676330 956395 341214 949136 512776 188527 547922 511258 19800 39116 489381 284959 983501 282404 13822 949374 533636 532083 415521 983701 6709 291013 477784 337752 608244 150325 663551 326244 534525 590572 937386 975147 661615 479338 280814 41497 404024 395450 512996 555117 56686 87978 655848 280488 340958 317074 477753 838177 867073 604645 97503 229156 424462 656684 628334 403403 788824 409031 3015
821040 529958 422374 739032 793016 10353 768031 287447 23835 476023 573851 565394 188821 31527 200858 399860 539916 425306 230767 993498 427357 684716 749609 510189 706365 635616 603866 658325 732666 208190 864367 230363 554319 967051 925125 651264 0 219433 575565 374638 754700 843248 502035 117805 415983 127881 968600 929987 669330 135347 633842 290582 584745 943235 378463 854675 579374 181081 584047 46868 191221 256885 477990 402214 687675 712261 2376 109954 101324 567807 924622 891791 251646 440849 185385 141073 503708 810802 741627 895287 383160 893653 350841 72845 440311 899043 332094 853139 544973 708081 566590 246293 495510 900063 180308 230434 141097 274147 209677 813575
730022 419810 905813 467308 99083 331595 547993 703828 553327 135932 824775 667246 391289 76953 967224 457695 962466 452444 946160 664863 429417 327328 684329 898677 756261 171491 141693 576483 453704 586712 271301 710582 882919 949602 414383 522160 219433 0 483915 380014 179096 554732 455804 449436 621836 304684 26040 76785 15009 326070 173807 98161 952164 246723 218141 999177 389871 656753 248391 701108 192654 128475 175272 558744 608183 315647 724638 800919 465309 20470 220515 488028 356955 275775 950220 931153 500412 434786 570095 81032 353098 853499 343972 206003 492033 994260 899460 765071 858296 372085 286039 692659 792623 814682 369167 601589 23446 560889 176131 260514
50354 17448 756956 661977 915005 863723 749065 218838 888735 304384 613694 626321 23880 197269 200552 693761 800263 984541 837168 72129 581641 655488 260457 193602 998866 40452 236991 651419 713793 310907 918656 97051 134633 59142 652196 613579 575565 483915 0 799885 551051 831222 788309 777908 896298 127910 160863 558391 894141 942285 654502 658931 428524 922568 452754 793721 814010 779344 451442 699885 723320 632647 315068 909125 56977 186238 402447 726112 228110 741603 636609 386806 621512 898172 646386 233586 734336 439107 850027 882208 62287 479061 596017 377124 715101 128919 200711 71827 727082 319531 911881 130239 850814 258791 778050 314182 915710 740502 635561 580979
150958 974372 664189 858569 789190 798589 90592 48063 637260 236370 24017 780601 864599 563397 165749 868240 560217 744726 587374 673465 684945 622156 707623 267817 879737 230744 531511 273908 881742 959344 390112 149470 973474 147827 831893 947107 374638 380014 799885 0 311013 748921 339958 618696 233128 165405 667086 582355 802375 936620 702481 416316 262725 171608 323933 371013 750341 24633 891231 70030 994192 599643 648125 960534 639742 69433 230678 316585 956572 218522 158041 96432 393027 812413 254566 718233 80778 593125 191296 358202 860110 894408 320820 496430 522764 620541 820553 572382 397048 405072 824138 803833 688453 945529 810133 142596 381831 784587 833932 835468
528261 731240 410628 228762 660038 106553 354972 171701 762807 245118 382781 820036 573935 971470 247522 749469 374756 858437 499658 798884 518959 96839 96133 607385 942017 748342 520367 960266 913185 483231 790575 971098 353566 451066 386275 100401 754700 179096 551051 311013 0 736387 492181 344786 348432 697354 637222 645542 747053 813967 726903 756817 779527 718321 720781 982985 45057 782100 542215 980087 705677 848354 513757 376978 281218 790876 211542 399175 429069 651228 655548 261373 146376 340816 978741 999761 812040 104914 335447 332922 384826 557042 887818 542114 75528 491843 991198 324554 275954 973294 638194 926754 147370 416183 358166 922932 391881 782672 227379 864043
979307 777950 525581 664651 51681 876924 809835 689194 83502 470867 198489 740299 143004 320638 377847 695265 187204 152378 948739 719298 844937 223327 932673 363943 687007 768486 871045 43153 663907 140723 914004 41371 531124 574131 19656 676330 843248 554732 831222 748921 736387 0 315126 278377 955663 480204 108827 765463 358569 461753 422869 323312 942893 846678 21855 254896 458794 743982 54377 982547 565720 203371 167491 138669 359043 860037 295280 617846 443804 352644 759019 927729 607962 676824 352988 777048 680559 823365 838420 410385 608835 866493 181602 922216 228730 380953 765861 553112 68016 14391 295550 898225 121799 278583 395766 397783 522023 154365 209012 484867
41965 156451 320462 537113 840277 602738 438638 712578 966184 341585 586563 570199 76289 219836 465800 81785 913998 487954 422606 205684 490739 189658 982540 204413 401515 440851 394944 221389 959497 402824 408200 316641 828005 621786 220591 956395 502035 455804 788309 339958 492181 315126 0 418169 210382 338131 912873 80706 634979 67220 681291 185628 135339 805499 163295 790190 393076 550063 829940 511602 857829 317285 182921 768309 384634 415090 784053 63486 591765 719394 653498 112094 551176 151463 861869 731967 737204 94027 202832 401635 997995 830260 407946 579752 773354 998929 47117 668786 624224 266517 877606 933446 402344 679661 231541 595196 722255 147808 690678 822445
142431 691450 117201 266386 23496 918075 129087 801712 16200 714801 354535 169133 957324 531555 233836 132269 717341 771603 572513 207320 556784 373899 731079 229403 127787 85948 119842 678785 130763 890485 662674 882305 474427 139609 5315 341214 117805 449436 777908 618696 344786 278377 418169 0 150160 298855 247438 388495 19701 362892 706543 578305 746553 38305 751673 325639 974247 499923 683233 9835 806727 466810 173326 430164 905716 996130 258142 950847 614211 323066 670689 268025 80145 70375 579063 967417 788403 709771 890643 317460 859562 746227 783366 247760 550973 297607 7605 203092 374307 660895 438809 364132 592371 808632 305459 430482 402569 521826 599013 102181
959720 705593 433511 513410 355255 342962 858309 504880 894542 566452 71457 504827 346549 375262 1865 749601 405195 773937 936473 398031 528955 291240 471859 995694 884553 586271 621202 653623 755850 99255 636093 177128 531113 111877 235236 949136 415983 621836 896298 233128 348432 955663 210382 150160 0 47492 115725 157709 508411 290072 245524 682191 153935 712330 980841 306249 294009 316501 924563 406621 147737 444355 495036 757095 319958 681028 260811 788849 424333 248142 282071 810657 663125 827400 143049 230034 365400 237657 867708 137831 917694 939998 110967 80307 89680 216907 659340 924432 358439 969784 714859 892603 371781 873321 301834 934347 657186 196713 190097 732463
289282 620100 357708 704455 985005 764897 51214 11069 609293 689481 424669 926978 135040 304483 915645 583291 170317 257837 275821 291353 384602 996269 152006 434027 724122 686526 251051 177299 869024 66772 453730 966380 56440 252524 593670 512776 127881 304684 127910 165405 697354 480204 338131 298855 47492 0 811577 261283 168631 750070 675563 236333 952721 805141 556991 432677 852575 672653 614376 552780 730782 152033 787487 813142 249385 175213 928419 305895 505517 792408 888577 52670 597143 76189 210550 595050 24482 448885 728762 830439 990541 405093 651212 290907 780496 469314 842458 782513 551553 746835 655230 725931 588091 754720 710968 480025 524818 277155 986379 766594
186836 959411 9456 722660 984143 239956 908834 377630 352930 763597 576275 131080 13228 656501 508747 432857 118992 360147 854446 845852 132111 340241 881641 182594 348145 169926 584683 430183 892805 536631 59517 692654 904516 131878 318592 188527 968600 26040 160863 667086 637222 108827 912873 247438 115725 811577 0 954430 375552 936687 347462 657282 991717 655242 567385 929306 96592 738001 471215 778465 420074 781580 768899 18782 23238 390144 44144 472447 859130 479196 702519 330184 41768 392443 297027 189187 767197 274344 233388 426556 833639 29526 242073 620132 31953 347616 91851 477597 20441 510679 376972 826150 370523 924583 890479 998583 550719 842798 443839 819098
306513 402609 997909 400178 713047 152006 104408 700800 380962 125036 874092 149014 139240 151172 196655 253679 521815 112262 863495 687421 705215 78869 49811 355089 588330 977562 379699 111513 375900 619704 665717 143960 921375 536644 620898 547922 929987 76785 558391 582355 645542 765463 80706 388495 157709 261283 954430 0 132483 429256 634288 135678 693896 177468 744631 10049 697086 397118 268017 67552 214273 895039 716026 585913 12343 160821 889408 94356 716279 958039 70246 610899 827888 933278 984576 226701 273730 308875 494038 222531 756113 588766 977851 226350 66922 483963 697120 866527 662620 509351 136704 608344 499175 835981 893879 975262 957589 612031 156060 206711
777119 328815 256795 799955 12767 377310 443991 25418 673611 149994 690083 567817 712409 873633 537960 506425 583623 38850 324778 763717 870387 955502 70875 37639 850516 922937 584775 799247 170980 577281 448184 583830 390115 245336 527599 511258 669330 15009 894141 802375 747053 358569 634979 19701 508411 168631 375552 132483 0 316485 861414 792986 522883 267785 734939 331674 347421 641481 991946 792121 889852 280928 987069 965275 285693 912329 320507 663532 549240 558606 315439 281934 41852 488187 207506 590910 551823 902944 770388 202514 55990 879264 954979 292174 250964 216250 914348 889002 596340 556004 642126 434774 595967 79888 50026 523242 587142 224822 843206 902342
353292 478796 637548 93084 272026 135785 223187 630871 289028 861806 55942 750271 622363 266072 502151 348813 347814 644126 915543 229488 1202 848471 65424 776313 662349 590975 890708 709928 242083 848619 427506 321824 144430 289576 461486 19800 135347 326070 942285 936620 813967 461753 67220 362892 290072 750070 936687 429256 316485 0 336886 137303 113684 249464 26729 135136 383082 267189 859828 449708 895470 155111 409827 816410 265685 532292 937311 643388 273041 898192 285993 881280 576325 263152 777617 681693 40944 7885 138668 748560 979101 228475 781198 459481 626764 712921 878204 622371 803263 935252 34586 743874 442642 741783 445354 193490 985790 534352 744893 415070
746291 843202 95517 306114 115071 378654 340578 310374 923337 863706 508045 237978 996555 412012 550970 584269 704464 798934 417998 30899 189786 304410 867032 213418 919856 469442 670017 223662 172350 883678 908980 483475 797921 106606 712645 39116 633842 173807 654502 702481 726903 422869 681291 706543 245524 675563 347462 634288 861414 336886 0 638235 108231 216647 934404 392295 739858 616108 309073 377181 321673 931963 200723 529509 331432 283318 495591 57053 841603 232693 790936 338292 272355 55141 293695 944319 556056 1807 804296 517912 341161 928681 878593 799195 470370 966240 376986 713318 560181 184942 12435 878807 98517 447907 900062 802483 526310 600853 32992 68916
942204 686166 56474 883681 782453 416577 485149 287949 870923 107206 575334 390552 609639 618254 64900 447140 775618 437994 560353 993428 867936 851171 203644 853551 164816 873896 223072 219702 332005 418693 86536 695001 924209 708302 10849 489381 290582 98161 658931 416316 756817 323312 185628 578305 682191 236333 657282 135678 792986 137303 638235 0 675714 736629 844270 678401 949269 75916 403086 212111 335136 425271 490966 831057 920978 668988 775981 102696 311093 339202 860157 984354 786797 9704 883912 453276 102818 573417 510894 946636 488320 71670 836048 306796 865750 997344 520296 929030 793099 457112 649227 94675 979783 899261 477840 959038 99641 864809 240772 615525
877775 957291 520096 296819 449500 927086 81598 213145 274595 732850 244210 253960 104852 892892 836857 32248 728716 320679 657959 959897 80308 289977 249343 606627 162578 880170 995521 349478 920071 568706 326115 71043 661015 472453 164836 284959 584745 952164 428524 262725 779527 942893 135339 746553 153935 952721 991717 693896 522883 113684 108231 675714 0 850804 237286 755562 934278 983384 509024 480774 706685 818026 801056 267230 814758 286405 301522 796520 282211 655424 596969 953803 834708 942361 401517 327516 483591 858626 501304 50178 916245 428997 420336 573517 382914 520503 80469 3353 407870 554764 147304 488975 278734 758433 98998 984101 406406 206055 258621 726143
98384 573909 923839 855345 248906 893502 366037 63425 476454 579256 544297 925312 843868 283488 929772 856864 834657 866788 542452 859065 144862 189945 499664 310726 752674 269427 574458 518860 308121 577462 24619 778090 807398 568999 986938 983501 943235 246723 922568 171608 718321 846678 805499 38305 712330 805141 655242 177468 267785 249464 216647 736629 850804 0 645458 823443 714525 998663 826841 649406 564495 232231 662264 952148 419199 949271 890237 596312 823547 21746 856222 231682 340425 93614 444766 640240 602715 761474 837211 723905 308587 726788 153424 457627 219048 275299 870600 146805 299064 865506 243041 97853 435166 905387 107143 736632 761984 556171 21265 989620
122837 529450 144003 351645 866823 478063 606941 939017 621923 284691 815677 642281 704892 283590 907225 775672 120031 107502 327018 552524 916192 379078 960867 682052 458657 160574 933777 408082 464042 74851 817054 468891 865280 167447 684524 282404 378463 218141 452754 323933 720781 21855 163295 751673 980841 556991 567385 744631 734939 26729 934404 844270 237286 645458 0 464076 258386 893446 461439 447457 202277 398618 711434 167003 995480 438773 758030 263222 855898 599511 681829 460429 14757 467844 759996 243578 955828 838353 545671 647368 816467 364589 357642 415558 997111 147211 327332 210056 817703 864171 688077 507821 771100 574380 967548 93 502994 755032 151931 975541
394277 569918 153745 396947 88159 451723 110197 593555 819787 503922 873972 114172 780691 941037 248984 289722 502412 246013 195469 263343 326849 464392 103834 264736 610966 479636 499734 181240 346325 548127 287620 509813 973006 584826 143696 13822 854675 999177 793721 371013 982985 254896 790190 325639 306249 432677 929306 10049 331674 135136 392295 678401 755562 823443 464076 0 725520 189966 2805 896832 615385 275106 639664 555076 398199 761893 520044 75458 905591 802330 747221 656481 585841 81453 430379 870927 189084 644438 964962 386535 8718 310614 969453 65692 931840 695954 553325 197569 994398 668231 631862 937083 395013 355197 100145 359432 712440 793423 980264 98418
731071 333320 648493 440755 352167 900824 595232 290905 797963 57423 460199 105805 327283 960234 756615 352192 890656 523310 549982 226473 600669 795569 516582 37809 475376 444906 263478 349766 446661 878744 521167 956573 411628 886161 301970 949374 579374 389871 814010 750341 45057 458794 393076 974247 294009 852575 96592 697086 347421 383082 739858 949269 934278 714525 258386 725520 0 21383 68448 932603 784441 347456 338679 21822 366133 961881 663417 78258 768521 584363 631384 261849 459171 598512 217998 497371 270080 188512 703855 194907 837339 835296 803573 150090 874147 115048 826240 694833 91329 576795 248699 222911 355448 847517 329826 626186 751308 681318 545214 340702
