100
6193 6193 6193 6193 6193 6193 6193 6193 6193 6193 6193 6193 6193 6193 6193 6193 6193 6193 6193 6193 6193 6193 6193 6193 6193 6193 6193 6193 6193 6193 6193 6193 6193 6193 6193 6193 6193 6193 6193 6193 6193 6193 6193 6193 6193 6193 6193 6193 6193 6193 6193 6193 6193 6193 6193 6193 6193 6193 6193 6193 6193 6193 6193 6193 6193 6193 6193 6193 6193 6193 6193 6193 6193 6193 6193 6193 6193 6193 6193 6193 6193 6193 6193 6193 6193 6193 6193 6193 6193 6193 6193 6193 6193 6193 6193 6193 6193 6193 6193 6193
0 695244 989713 2320 562327 64679 317609 491178 343321 863792 799115 395444 937588 513927 949800 683554 403860 969070 237717 898480 963623 659914 8166 901015 652114 548101 996603 392697 506612 656330 729498 484931 422796 105783 264349 77986 138723 549278 852884 191939 984895 318711 305476 509010 816647 571341 267039 511704 770599 744628 943825 955584 888787 481043 948049 96621 853262 808676 599856 382569 388416 464980 412926 191065 898324 893048 615814 353712 490569 115952 48272 301205 706780 973044 959605 354656 620215 25605 331037 713758 397156 862948 823510 633933 709512 530681 570459 563577 601301 413070 269973 756368 965192 41248 307402 407679 73542 351036 729317 896226
695244 0 715362 359933 432854 351557 114140 379463 138149 425010 746262 454455 677367 561720 768175 609418 704582 900701 943569 579682 341732 920700 578735 520299 572751 326565 623983 854501 886313 175939 11904 472209 1848 638371 460199 880348 987218 59899 856893 931424 339830 521757 570802 315670 27749 641418 945401 509162 595196 697208 177009 1595 790831 910364 896245 952750 501854 84863 37964 415802 268735 656478 101657 155910 128096 119571 931264 948295 58149 161423 27793 874494 579665 162126 328433 221664 909410 874879 576450 712893 689960 257031 78037 264673 936865 416823 72761 805574 892312 269531 462055 291372 317807 726964 510539 242402 917300 791060 535465 13590
989713 715362 0 501652 132370 205257 845205 310311 468896 921320 124354 652796 762051 875909 383353 73298 331570 302884 31704 466402 43354 876963 802514 915868 659890 9403 384274 991421 382212 525440 331533 244017 835627 254982 203800 189522 377445 795856 118151 358819 394056 572441 425321 111990 96 866626 464606 585075 16846 900737 665863 758569 98263 791143 893203 653211 445622 876354 49724 628444 761546 299812 456594 361521 802134 37105 176257 631370 744621 396327 94669 144284 545540 437126 159431 16505 248474 618422 21605 30883 149349 62391 792848 688841 598016 993739 172588 89138 972799 878822 395517 592651 200454 898911 679647 572292 574802 386182 315723 591634
2320 359933 501652 0 530947 162482 337573 665600 164833 338710 348267 917993 700896 272184 288866 633696 163550 585797 123109 84353 277860 519526 169591 176420 82292 291828 38923 862065 201469 646226 915625 362367 988243 910426 340417 790910 779366 573814 322437 934022 890272 650882 323608 424245 241649 12586 335360 681653 415273 589706 51399 88660 786084 499853 200807 751647 910698 291737 376919 797318 129168 872352 320684 452737 492492 769411 574899 331732 156029 407651 25028 159123 717172 806612 597260 569842 277538 113704 855492 543914 231324 310858 982677 410072 785401 382517 150023 125290 415229 435039 159363 32100 117822 719903 531641 718113 502897 41622 817303 964025
562327 432854 132370 530947 0 481438 479552 709059 501149 415207 55769 85879 789640 730498 338396 104681 391286 410928 705579 572832 21922 674287 840475 911757 634961 702807 133590 665949 329971 472707 297810 828642 874823 529257 215284 693324 391951 420061 425175 232639 307927 130858 493655 127498 292027 793718 228611 756964 679604 856487 662677 1487 602285 731319 776211 599078 449040 664760 238418 206289 209702 195202 189723 131805 973145 505764 873096 573294 699455 113507 162054 396668 412988 246249 747592 118201 21418 726865 440733 392445 402443 674456 861515 158575 676771 51743 824046 184125 907912 783784 896341 151950 261614 863078 98579 556404 863707 863015 548673 315852
64679 351557 205257 162482 481438 0 59026 906962 825012 705856 448437 769761 578031 184481 705227 748944 217466 750620 187860 415745 923684 310255 513329 906220 257322 80347 489699 568442 380580 906138 251237 119160 533627 786057 526416 479401 558575 927644 857344 620017 425692 30145 331726 325268 368091 690316 469025 240045 333067 378127 232357 60915 305697 898028 902137 143797 737388 487846 630160 359686 628165 428954 341566 655624 590958 638157 480989 414089 431733 845979 879583 89822 648246 205869 437731 943957 925087 489165 634337 491679 692546 358417 440837 614925 202634 180153 956372 667482 758161 206771 490101 46556 340193 757703 792903 455363 658676 557747 936761 635820
317609 114140 845205 337573 479552 59026 0 545156 474092 870906 596582 467618 973678 504028 68702 806402 372884 635087 438996 876861 59385 590608 158066 289203 978452 653361 189658 161894 193130 506435 91655 856989 625086 413780 604617 824092 194872 359010 590472 131805 556501 287665 99298 225133 920566 478277 256361 962844 14662 63070 330993 897200 585471 959066 409943 659269 136013 460819 163628 279669 836535 843865 568607 688836 256875 913625 784207 828020 944864 766861 869091 784153 436415 305006 187632 173540 952811 229872 44942 102209 368367 868807 214253 861015 450652 142594 973921 226523 208014 463355 390508 275492 414322 173343 901819 861174 992631 267865 511048 863633
491178 379463 310311 665600 709059 906962 545156 0 910520 963677 609825 867965 727422 9275 344394 258593 557460 571593 309188 578929 595448 927652 381707 577969 461877 627218 475233 165956 761952 175170 267 379231 52966 717550 567969 675365 565450 449172 110121 176615 642525 515257 436032 447659 681347 775753 774470 685796 335328 547575 772114 272691 925912 147038 442542 169348 254365 387317 523290 403298 225025 870591 528532 406638 839062 614322 72727 21370 231560 807404 570915 672523 531586 362849 30923 377033 253684 336549 971862 258507 529902 420284 697689 491779 186392 828662 847722 233228 988245 347294 456736 487407 785741 919276 399587 549478 624787 16127 444646 613339
343321 138149 468896 164833 501149 825012 474092 910520 0 203600 712190 515180 373971 926088 9229 157926 447906 866563 179904 552877 880769 275001 582714 502125 645090 156643 364556 34896 902438 293497 905660 185004 21515 712403 917977 871459 632525 611384 257882 702890 723647 921009 196921 875087 297867 149960 285958 54305 692874 521390 951414 450855 410502 345109 302987 978269 744197 364870 713533 185231 281522 190975 378603 644428 211564 188562 656754 793439 195227 36723 193804 890479 531142 987464 612602 721770 259482 73316 879 172806 891436 693604 768731 938581 819219 634204 352068 840261 981714 371644 760517 351911 352707 913360 419268 31828 175274 232120 104983 547879
863792 425010 921320 338710 415207 705856 870906 963677 203600 0 177991 258010 491451 783614 272811 223213 132236 881198 807353 78706 363257 969135 501031 910503 570653 919423 15489 963077 522096 199442 441921 200096 175582 861440 329220 241127 967440 732143 640258 476921 981093 255597 152239 221245 713374 190543 815076 216346 751047 191152 155693 741971 903029 625844 502974 639943 774590 700906 578332 132876 514976 666906 872752 115809 464718 991067 265455 378372 601010 399128 363438 852076 725225 39257 580873 300655 270346 335842 193595 645669 51026 843438 370004 69990 182056 395314 513937 387916 204303 310422 635138 741008 549641 440332 813507 128003 44958 442334 738885 58605
799115 746262 124354 348267 55769 448437 596582 609825 712190 177991 0 715773 486607 521061 89232 885991 38869 297875 513100 829775 967404 763637 544949 365843 648521 428608 883680 723916 318301 70758 59004 609986 362516 201750 799420 136270 944713 557390 43770 35988 921184 610116 482029 441207 919411 861158 313950 647376 293078 656387 742036 365184 996594 881705 359012 548661 168306 576419 929805 240146 186796 99847 669217 275971 290588 82843 868596 307133 447627 690374 510093 953762 962433 519956 468284 376064 697570 892336 775297 202119 772022 177263 346037 441830 451367 435304 983019 412264 868887 639213 474525 608203 585608 647889 864992 111766 824349 346756 647098 948522
395444 454455 652796 917993 85879 769761 467618 867965 515180 258010 715773 0 299613 110080 235888 857548 113639 288831 771347 187521 228284 508826 41422 191494 673155 169387 280084 496202 509501 204382 887352 393163 405418 299218 80176 939641 787775 617948 908392 921852 675162 401044 571233 419669 228275 544751 444491 460738 409198 131698 698175 958202 775094 487632 739238 769193 925501 766636 112439 347877 298703 393507 889206 509850 60929 765585 442207 175053 303934 117485 83373 180059 334432 65000 282798 699981 167889 727626 36659 553334 737496 572382 23746 426959 716041 777358 573063 624469 817530 834976 852634 518696 135905 972235 150704 487513 81615 275250 16181 827448
937588 677367 762051 700896 789640 578031 973678 727422 373971 491451 486607 299613 0 863160 189590 781446 770567 648158 827892 349824 399997 267755 932421 585352 632254 888376 569945 5554 580411 787770 926449 862295 801396 895640 787419 267096 918732 957740 891748 954668 149126 377695 429103 806368 252483 228981 844931 853484 119914 825356 223526 584515 870996 588606 126277 445187 322981 420307 843537 779693 267657 905569 517798 872664 245055 311549 616291 626526 836652 926208 44426 618778 42772 989082 546217 871197 51920 518577 916683 289555 447760 466128 386222 911159 695621 269930 89504 280807 383254 791797 979802 550745 459308 449006 837747 590021 881479 970018 566157 513660
513927 561720 875909 272184 730498 184481 504028 9275 926088 783614 521061 110080 863160 0 604515 163402 994479 785987 770700 376738 461192 619179 694643 475228 639737 477044 643636 513423 536758 274523 934037 188441 942922 103206 408927 590554 654318 2469 144681 863709 40357 266881 335812 839045 93917 45249 763465 110699 204489 65197 512029 264953 863506 15169 853427 447884 966323 788991 95981 631160 37011 53821 884274 599762 506235 356994 149744 952787 950293 80904 422675 218203 518475 135534 361934 605179 288732 756954 678564 432795 464834 965775 61214 9820 239812 375463 112933 429087 931054 911022 245798 582295 154564 708953 580338 992917 428967 558838 67409 374269
949800 768175 383353 288866 338396 705227 68702 344394 9229 272811 89232 235888 189590 604515 0 725588 148429 596567 737731 529243 971820 653492 670331 358344 114738 345801 469837 822597 635013 491537 657505 220104 50449 51227 753709 434677 769218 644596 689108 588090 349616 647879 638271 808359 602958 363650 532312 469065 883178 686205 743494 926205 916891 751088 447527 621576 327297 997751 452444 172024 108502 931650 971083 297970 342118 262611 905381 40915 909288 381783 569936 891717 88141 222838 697429 23986 148097 638706 783747 965473 940537 762427 87316 218658 833825 809347 600754 273698 33914 699742 605314 716324 857667 233567 311892 386633 634378 365908 455641 984899
683554 609418 73298 633696 104681 748944 806402 258593 157926 223213 885991 857548 781446 163402 725588 0 804766 791256 228453 257611 69340 129277 232391 138721 59872 382628 722642 356108 160451 765275 814105 389040 628799 902458 62197 196541 546217 708337 770170 826215 56279 692555 864773 520442 506616 456572 580168 347533 193286 514550 184406 863891 832201 598063 172547 273211 858479 454749 791717 825342 277783 367663 596698 192276 924656 114066 28439 15941 48119 170142 936747 905273 895260 207703 971368 142262 299459 762581 771848 205518 374180 90442 917392 315256 342433 506207 884947 322774 462209 566490 590191 58944 236155 316019 110720 165105 10949 495354 201929 729650
403860 704582 331570 163550 391286 217466 372884 557460 447906 132236 38869 113639 770567 994479 148429 804766 0 435536 438808 160983 20630 120461 214659 60702 781677 148190 319745 479134 154321 277951 178338 36527 754203 627656 749407 307602 795868 261859 399436 345461 902952 273928 491916 39020 698258 121530 764794 59999 866320 306684 394304 117948 579209 20820 839637 306550 990348 433412 163597 227901 248357 24578 48845 775761 955336 632468 395307 468625 574640 189464 659287 954751 451088 770131 971566 519077 207315 516967 755441 745513 131065 382142 514884 610094 203456 739738 991279 918146 44572 784464 804790 664110 836016 889783 162694 298813 458914 25366 613421 583355
969070 900701 302884 585797 410928 750620 635087 571593 866563 881198 297875 288831 648158 785987 596567 791256 435536 0 266117 741392 812356 142606 650215 944466 696947 387713 530338 981494 613661 571947 514215 990567 634197 456004 122288 89651 257496 457340 442647 734107 615241 267859 854662 707433 295461 271244 189775 727941 729275 723031 350276 677086 344174 892162 301291 908122 164812 353499 885701 45404 214015 32326 270732 541817 422536 989784 75448 960822 322679 483800 676972 928867 389049 460133 235098 539487 358116 731027 796389 258533 130568 229723 796156 193548 209359 233907 563402 900772 588579 875044 427849 846805 623321 874630 899243 907850 557456 24144 707625 722920
237717 943569 31704 123109 705579 187860 438996 309188 179904 807353 513100 771347 827892 770700 737731 228453 438808 266117 0 769262 224568 931797 354949 357904 757461 815555 352710 628440 13700 608158 485153 259538 458699 777744 786934 385318 651707 840717 767689 178559 962544 296872 130506 980291 32442 83020 58553 807721 957163 791166 28881 583144 555667 291716 655220 659506 388447 259742 282932 687213 807599 511599 494203 531929 370870 564446 399605 921849 254325 554429 781696 85442 582510 695711 740244 365415 892454 969132 574795 309982 701070 927599 977433 180615 135729 753761 542826 714451 485867 236045 801426 668053 311508 763855 928606 664069 591092 923644 888976 554167
898480 579682 466402 84353 572832 415745 876861 578929 552877 78706 829775 187521 349824 376738 529243 257611 160983 741392 769262 0 50533 555873 824266 434172 721730 592194 858945 720290 872254 168054 459010 808423 152795 576202 852700 861046 105747 157840 570260 310227 677261 879907 355949 428950 550729 763109 546391 180494 164056 65351 597652 700658 834208 454574 744626 816373 238704 564952 454071 414500 101004 941446 968518 317099 584159 531422 842742 651517 494386 91099 305769 178479 639609 109562 855050 912403 14592 373402 370730 265105 154850 553116 527492 812055 516498 235455 896826 548166 731951 641789 570359 247829 206125 377257 135621 220001 210002 652441 830217 139178
963623 341732 43354 277860 21922 923684 59385 595448 880769 363257 967404 228284 399997 461192 971820 69340 20630 812356 224568 50533 0 863261 889100 162604 61137 2997 302827 461223 734004 38427 72349 859573 381158 267567 667993 149797 339979 756071 736651 677906 527950 840482 563149 139948 950946 701109 672419 793490 588061 548782 285662 735584 381773 453252 915474 320 578361 534923 686431 288029 756445 152705 11518 433053 780295 924651 980246 223743 983685 609368 816158 355864 734372 266557 326641 335403 440554 751691 675701 173992 894943 647015 558582 243804 237623 718852 819917 702009 443186 791776 14798 479451 979893 486782 822531 37516 743759 265611 106568 459951
659914 920700 876963 519526 674287 310255 590608 927652 275001 969135 763637 508826 267755 619179 653492 129277 120461 142606 931797 555873 863261 0 751446 906899 137301 348880 779092 297640 351414 392265 835847 734836 839548 381015 779529 487361 673294 280791 547780 188177 181834 489055 324093 153735 783014 929464 288536 718207 622266 190962 609194 712296 780927 703882 545721 158068 348906 503597 923232 556991 50014 466729 152567 736935 997455 653756 443895 612828 621310 445764 689652 422302 907919 776242 212842 649207 858453 728937 242763 436171 491686 123545 541106 923912 835938 590612 95470 944521 496800 486428 287192 203899 384229 863871 213535 204783 21337 681675 686239 754706
8166 578735 802514 169591 840475 513329 158066 381707 582714 501031 544949 41422 932421 694643 670331 232391 214659 650215 354949 824266 889100 751446 0 629337 929212 656342 643069 824454 391341 29379 253629 799832 255763 648955 648762 216715 948522 235644 915114 815392 502385 40675 269609 102665 301486 808291 388988 229210 401318 209287 397859 205920 600906 302257 582240 893046 747771 171349 524362 789037 332287 801199 512777 87892 577517 215713 478997 315545 542876 800000 251254 130788 110026 383300 608293 674809 175837 581713 731964 135694 669097 714488 376319 143363 399577 250954 248188 53017 131486 131355 535229 389743 143789 385875 874538 332662 174405 521058 949625 15342
901015 520299 915868 176420 911757 906220 289203 577969 502125 910503 365843 191494 585352 475228 358344 138721 60702 944466 357904 434172 162604 906899 629337 0 974514 580263 966351 668820 889317 975986 763430 692628 821786 159041 821605 896702 262776 351815 702941 184018 962671 823235 44818 711534 466427 130491 262464 359290 630162 804323 209408 221317 801799 245911 532342 951736 174982 805036 462325 278583 556039 337924 313194 346254 782640 574212 991114 961232 409234 212748 549005 839973 222276 296319 664810 899376 862589 300187 735694 838380 816085 137942 74163 291441 892932 40459 28879 733603 806287 94606 51671 339253 24418 533678 121002 232277 35917 750540 59869 564053
652114 572751 659890 82292 634961 257322 978452 461877 645090 570653 648521 673155 632254 639737 114738 59872 781677 696947 757461 721730 61137 137301 929212 974514 0 677186 38009 436549 539148 890548 772273 691727 679292 248881 187296 930389 883701 234726 322056 905418 803699 827532 843885 99856 513253 195141 52358 153260 641867 755316 104016 728538 979416 25504 742896 857802 292882 838983 953883 195159 171946 572764 868702 828616 242504 102215 613302 473703 785530 384135 710569 103558 46303 978389 147679 488813 711453 918525 720410 496397 800585 404381 173818 785623 621588 504577 183433 960025 432190 18492 258818 542549 522491 967571 327764 901426 624621 309054 964917 123495
548101 326565 9403 291828 702807 80347 653361 627218 156643 919423 428608 169387 888376 477044 345801 382628 148190 387713 815555 592194 2997 348880 656342 580263 677186 0 273036 3799 326559 876510 140003 687950 364321 60022 189598 735045 594081 427040 43451 852381 978556 257764 836015 673176 131822 865341 221054 74725 569029 744869 772616 561603 121774 970384 636145 418666 514437 249654 187258 57040 126946 131488 714295 890793 898884 517680 48648 171545 587229 367388 419557 27684 943662 15843 9460 711835 791010 296093 580070 665696 838219 56645 174130 110116 18398 573205 285129 282625 593937 629126 453684 979259 666136 602640 792408 133744 439696 689941 595996 346104
996603 623983 384274 38923 133590 489699 189658 475233 364556 15489 883680 280084 569945 643636 469837 722642 319745 530338 352710 858945 302827 779092 643069 966351 38009 273036 0 332137 544680 584175 356911 591691 602042 824406 968905 987853 505420 165051 181902 10957 634324 508109 735883 535193 909003 925984 896791 473027 203322 71884 221120 600247 648040 220530 183261 574878 404307 952747 89669 425343 106968 621069 56551 114585 981882 609474 526332 899297 756241 922773 590275 878465 929956 531755 732829 258409 601750 207746 655679 595328 784503 30874 624224 29607 258350 601990 257048 532766 165087 344871 304204 210578 395530 938824 356534 534991 847210 491451 873944 335759
392697 854501 991421 862065 665949 568442 161894 165956 34896 963077 723916 496202 5554 513423 822597 356108 479134 981494 628440 720290 461223 297640 824454 668820 436549 3799 332137 0 325820 86043 664926 406521 79982 174377 897165 141668 941229 57389 824013 929256 98600 417790 605383 869845 365429 287571 508805 399009 869356 498847 505197 858053 336603 890097 495217 88733 679748 574815 43527 628321 932514 600115 394287 745612 692102 318063 679071 727358 951390 284573 862273 160023 941439 719272 98143 593164 211385 29051 481258 114980 143325 952760 153294 58546 898917 86769 679561 482043 417064 102610 130402 873257 90344 664464 761781 77754 983395 445884 587355 142179
506612 886313 382212 201469 329971 380580 193130 761952 902438 522096 318301 509501 580411 536758 635013 160451 154321 613661 13700 872254 734004 351414 391341 889317 539148 326559 544680 325820 0 874427 248081 745181 304635 310814 349114 548149 543231 593112 65339 970443 384684 984500 886933 537714 330773 570988 207831 109330 746320 611554 33396 619576 15540 836507 676683 68834 463575 71138 234851 162396 121574 997992 758907 400377 287932 412865 141420 523791 868887 186394 319702 197344 874896 826472 253105 299726 718194 447329 607161 743792 432951 43011 133335 937339 971229 363768 172977 558656 560138 363920 571197 584382 354119 50825 43588 513920 432649 962710 120977 493299
656330 175939 525440 646226 472707 906138 506435 175170 293497 199442 70758 204382 787770 274523 491537 765275 277951 571947 608158 168054 38427 392265 29379 975986 890548 876510 584175 86043 874427 0 966907 576592 356332 535948 207038 573052 935518 223712 693004 327191 634103 784379 629283 44692 464495 283536 777342 171232 322851 106167 157457 579116 458111 929050 498720 744735 326758 526475 931210 12536 449315 732300 938452 3415 720986 248733 389142 264706 468990 493495 355539 654497 518071 156257 666073 898937 454972 791255 880591 277267 650766 399454 105033 947200 848869 192875 804105 700064 627361 187101 610053 658580 66932 162095 389611 71023 587745 378389 621062 381017
729498 11904 331533 915625 297810 251237 91655 267 905660 441921 59004 887352 926449 934037 657505 814105 178338 514215 485153 459010 72349 835847 253629 763430 772273 140003 356911 664926 248081 966907 0 220339 58420 718041 389864 840033 401924 495822 699379 775891 149027 783320 377205 347828 608323 245038 562610 302541 666697 394440 121799 1540 178308 734973 506215 753441 647314 609001 54927 738174 639640 826394 239543 874616 541984 839920 110084 291699 164891 599680 759084 236922 989803 709557 376235 855561 805748 877333 26959 200696 735592 485217 898825 541547 328113 553218 603999 328743 35298 589491 769022 910284 114270 871169 479241 350305 464877 86780 14130 604187
484931 472209 244017 362367 828642 119160 856989 379231 185004 200096 609986 393163 862295 188441 220104 389040 36527 990567 259538 808423 859573 734836 799832 692628 691727 687950 591691 406521 745181 576592 220339 0 600518 307456 972348 185514 274801 207264 876506 742371 268504 740426 942584 439674 418240 374330 267048 247228 248099 742706 113993 360536 178902 613605 123926 239081 695096 210381 562189 773249 309984 359461 717820 701623 756543 601061 498246 355034 157575 381619 25856 586199 435955 525377 485739 83220 690182 68895 182264 966038 356119 613166 519992 989935 476783 918145 11444 25190 741178 312201 519380 239181 532536 965985 294709 884041 255524 790477 403339 988310
422796 1848 835627 988243 874823 533627 625086 52966 21515 175582 362516 405418 801396 942922 50449 628799 754203 634197 458699 152795 381158 839548 255763 821786 679292 364321 602042 79982 304635 356332 58420 600518 0 675129 773605 542957 632824 214635 127330 933853 401540 831990 144030 246271 79474 538877 293501 42949 289897 988966 252554 19541 661916 519729 611110 533758 690970 343662 504287 549951 499362 256032 923226 429490 72343 441603 536156 256940 867070 111880 919534 182193 81732 607474 76777 838150 349477 107514 278146 397716 251712 360021 759962 318551 887014 784280 423973 751832 613808 954378 827439 957769 196530 773233 705140 526880 375145 306131 88052 722836
105783 638371 254982 910426 529257 786057 413780 717550 712403 861440 201750 299218 895640 103206 51227 902458 627656 456004 777744 576202 267567 381015 648955 159041 248881 60022 824406 174377 310814 535948 718041 307456 675129 0 657429 725807 894744 353461 462574 782417 997236 351064 800680 823454 926052 699702 292366 717007 824391 14212 764450 7306 509672 602344 44180 659088 978258 518198 222588 554437 665146 697219 806992 399301 903041 442877 659276 308803 544124 522113 834759 199790 349086 455896 814010 99698 601253 566564 247357 810131 114851 918146 541163 528611 642628 854722 979876 724196 514463 290085 29884 893534 421193 539474 495169 821908 186469 878192 932489 556435
264349 460199 203800 340417 215284 526416 604617 567969 917977 329220 799420 80176 787419 408927 753709 62197 749407 122288 786934 852700 667993 779529 648762 821605 187296 189598 968905 897165 349114 207038 389864 972348 773605 657429 0 231892 616178 401708 1890 589040 544331 404154 754816 597422 840890 655237 616391 699224 819299 471650 108578 728978 726664 9091 890423 797617 257270 675540 279236 7675 921451 885640 343538 157313 783769 252497 90100 972473 742741 788737 333826 87796 397508 134649 925802 563620 249672 732736 618965 687224 3177 224367 391067 85277 912806 288702 993046 985471 400337 51547 849983 271430 474747 393076 148733 913743 858230 853740 748479 88663
77986 880348 189522 790910 693324 479401 824092 675365 871459 241127 136270 939641 267096 590554 434677 196541 307602 89651 385318 861046 149797 487361 216715 896702 930389 735045 987853 141668 548149 573052 840033 185514 542957 725807 231892 0 232788 815986 456231 467700 934054 153001 279739 249122 26692 958599 564183 270324 172928 460602 108195 221904 846773 467279 85668 410552 278379 674391 125045 945355 67916 6136 325023 252392 933180 516278 536656 208649 610811 649346 111941 139745 458764 24187 829927 897243 192284 48505 537378 134256 968716 597739 472614 116030 557967 410759 266483 511578 556288 996544 957134 359587 69948 231125 122991 224032 231129 110518 734677 431632
138723 987218 377445 779366 391951 558575 194872 565450 632525 967440 944713 787775 918732 654318 769218 546217 795868 257496 651707 105747 339979 673294 948522 262776 883701 594081 505420 941229 543231 935518 401924 274801 632824 894744 616178 232788 0 793715 698248 988235 127273 281670 519923 801459 669440 339811 406087 675618 548862 418928 719625 721998 645074 565398 892728 712711 258158 126986 174524 904527 210957 183837 221449 98595 951405 166839 740097 587726 741596 823182 436435 268537 341379 244570 505081 425798 453733 320806 549151 395261 643406 721548 538383 616547 786811 465726 429640 486781 615665 163397 960569 407290 549962 179623 138815 8916 487752 485014 195259 201582
549278 59899 795856 573814 420061 927644 359010 449172 611384 732143 557390 617948 957740 2469 644596 708337 261859 457340 840717 157840 756071 280791 235644 351815 234726 427040 165051 57389 593112 223712 495822 207264 214635 353461 401708 815986 793715 0 790288 75301 826694 352688 975423 322511 213246 536094 258598 732077 14905 946492 83071 603519 125573 312923 651177 482150 487557 538181 286796 306610 483596 415543 369912 296728 498221 120517 679923 639035 738037 11421 669506 483409 238706 625215 130944 275370 211200 711063 267111 460691 745107 301579 452668 963874 654764 890126 268466 349669 421056 481969 686506 740348 148598 693143 949264 897728 662751 184212 558537 914861
852884 856893 118151 322437 425175 857344 590472 110121 257882 640258 43770 908392 891748 144681 689108 770170 399436 442647 767689 570260 736651 547780 915114 702941 322056 43451 181902 824013 65339 693004 699379 876506 127330 462574 1890 456231 698248 790288 0 302736 15600 50652 981621 22488 444443 535024 35272 950268 967706 479950 411006 866870 39929 680369 797348 296219 247868 356186 511800 662601 401905 706648 701899 922748 388315 879091 481370 28927 754047 147843 432288 897340 670778 81116 480069 570590 175489 756672 921290 677808 776656 670829 581518 833095 160484 102509 42353 833645 621085 963531 402959 775032 864620 505636 682523 518490 332236 36638 737405 611966
191939 931424 358819 934022 232639 620017 131805 176615 702890 476921 35988 921852 954668 863709 588090 826215 345461 734107 178559 310227 677906 188177 815392 184018 905418 852381 10957 929256 970443 327191 775891 742371 933853 782417 589040 467700 988235 75301 302736 0 135517 390649 615036 16445 975121 105501 685608 116688 214432 559144 78249 951316 176570 823187 122260 350365 979221 274574 513878 41821 108037 917989 633759 406856 126450 559743 631840 994249 797489 896613 39516 603613 271213 711832 833617 516444 315223 846178 659331 701789 10935 50743 265974 836531 872706 415060 350703 838193 998542 99789 964655 789396 697090 994729 687557 855553 132734 547188 615026 364584
984895 339830 394056 890272 307927 425692 556501 642525 723647 981093 921184 675162 149126 40357 349616 56279 902952 615241 962544 677261 527950 181834 502385 962671 803699 978556 634324 98600 384684 634103 149027 268504 401540 997236 544331 934054 127273 826694 15600 135517 0 41533 628950 355183 794183 449550 244627 529153 985183 11173 758560 464730 648830 2103 894160 101352 452085 330986 598286 105178 623201 864093 172947 876203 898505 211086 237293 374512 978120 467185 382039 866337 830953 825056 681197 506890 137385 529104 291388 788337 122995 667701 687822 10792 883953 607537 122120 733780 73916 424321 266511 909743 47321 265849 574720 51584 538816 374177 139241 396974
318711 521757 572441 650882 130858 30145 287665 515257 921009 255597 610116 401044 377695 266881 647879 692555 273928 267859 296872 879907 840482 489055 40675 823235 827532 257764 508109 417790 984500 784379 783320 740426 831990 351064 404154 153001 281670 352688 50652 390649 41533 0 379000 747360 188811 210328 220033 989741 539297 741963 245723 360254 106506 211322 883386 727149 556962 601716 395151 276991 683934 907047 473930 811039 466184 759663 631084 851791 157520 252746 185164 1170 532486 903267 439053 787735 198046 677873 482337 359061 29218 331838 240301 405622 855032 644236 468045 407131 417368 787764 520861 946443 132057 320736 734237 784840 890127 843548 960941 563313
305476 570802 425321 323608 493655 331726 99298 436032 196921 152239 482029 571233 429103 335812 638271 864773 491916 854662 130506 355949 563149 324093 269609 44818 843885 836015 735883 605383 886933 629283 377205 942584 144030 800680 754816 279739 519923 975423 981621 615036 628950 379000 0 778126 114743 702778 205968 377290 910924 961388 136468 782987 684705 308011 908333 1409 623191 466450 812981 91785 89627 461902 811070 495675 61257 281971 201950 895407 738523 431178 359851 318776 592130 711899 493388 221876 686968 769249 166881 464829 842295 233498 24485 119131 552937 114974 449478 982531 501822 755275 901794 907724 921693 990684 354921 897114 526333 572308 530397 854579
509010 315670 111990 424245 127498 325268 225133 447659 875087 221245 441207 419669 806368 839045 808359 520442 39020 707433 980291 428950 139948 153735 102665 711534 99856 673176 535193 869845 537714 44692 347828 439674 246271 823454 597422 249122 801459 322511 22488 16445 355183 747360 778126 0 451746 120005 823690 937070 393978 579168 84837 504892 328201 839797 358570 961052 444613 512921 477818 565154 575582 326738 806746 553776 528097 541047 959722 98395 605465 774867 433878 196677 952834 827720 29798 76731 772924 330460 836379 654047 877471 947684 663744 247008 959985 892776 561257 499615 532562 652797 324472 82117 236580 832179 130833 918164 751375 269576 622727 563492
816647 27749 96 241649 292027 368091 920566 681347 297867 713374 919411 228275 252483 93917 602958 506616 698258 295461 32442 550729 950946 783014 301486 466427 513253 131822 909003 365429 330773 464495 608323 418240 79474 926052 840890 26692 669440 213246 444443 975121 794183 188811 114743 451746 0 991479 113596 174791 138078 701391 794689 880756 534799 804887 767940 787246 912509 361463 597869 231250 861188 69633 564080 361443 983258 873928 104462 902780 247933 396143 449274 250333 266805 928457 700659 260649 667536 645175 854824 59631 552807 150079 856232 33372 24298 263617 297814 552970 685870 72194 531451 217200 705563 664367 372629 951407 782258 36404 325229 165601
571341 641418 866626 12586 793718 690316 478277 775753 149960 190543 861158 544751 228981 45249 363650 456572 121530 271244 83020 763109 701109 929464 808291 130491 195141 865341 925984 287571 570988 283536 245038 374330 538877 699702 655237 958599 339811 536094 535024 105501 449550 210328 702778 120005 991479 0 786296 828852 632032 487449 227491 859490 367986 781515 100226 292165 238281 733759 85528 2209 579907 438202 404047 751278 285954 622502 551533 921798 23491 827771 829777 650457 27027 998088 713942 612545 436942 514602 854849 625780 180104 32579 215005 533288 627979 679668 178966 777970 973655 450431 135307 167651 44799 746130 155387 217093 767252 654510 76254 612231
267039 945401 464606 335360 228611 469025 256361 774470 285958 815076 313950 444491 844931 763465 532312 580168 764794 189775 58553 546391 672419 288536 388988 262464 52358 221054 896791 508805 207831 777342 562610 267048 293501 292366 616391 564183 406087 258598 35272 685608 244627 220033 205968 823690 113596 786296 0 879640 757665 583617 695632 39858 990533 497366 251817 219695 201863 912530 194598 956725 340907 570850 388113 584779 377255 72129 608430 750248 513990 19603 277292 455899 271685 231022 83624 986919 777789 687356 674315 921349 675833 22004 55270 289191 163402 480608 716185 664088 402374 749026 719929 850172 180879 230404 862211 180042 866635 797522 555806 666532
511704 509162 585075 681653 756964 240045 962844 685796 54305 216346 647376 460738 853484 110699 469065 347533 59999 727941 807721 180494 793490 718207 229210 359290 153260 74725 473027 399009 109330 171232 302541 247228 42949 717007 699224 270324 675618 732077 950268 116688 529153 989741 377290 937070 174791 828852 879640 0 16575 391948 910930 679471 713438 216706 992205 666276 559850 239509 563087 497420 74625 699645 851747 952010 94870 773618 29503 443902 830674 188612 97959 576550 500287 613484 108400 188766 149048 222678 916770 524237 67376 518417 120562 434534 60713 665771 661682 878981 106277 620173 21560 275666 222327 332741 207210 816051 32394 744323 454952 709978
770599 595196 16846 415273 679604 333067 14662 335328 692874 751047 293078 409198 119914 204489 883178 193286 866320 729275 957163 164056 588061 622266 401318 630162 641867 569029 203322 869356 746320 322851 666697 248099 289897 824391 819299 172928 548862 14905 967706 214432 985183 539297 910924 393978 138078 632032 757665 16575 0 756565 311640 230345 603916 276956 640186 633777 554360 179711 5729 646872 70911 187529 321737 386538 763497 91655 423640 861096 186190 900055 324389 180966 287030 300424 459623 77268 442260 383737 244801 283086 98500 583158 80252 695190 348653 950725 713488 484239 352754 521821 897299 538041 112575 973626 124471 51781 615615 205326 34975 729851
744628 697208 900737 589706 856487 378127 63070 547575 521390 191152 656387 131698 825356 65197 686205 514550 306684 723031 791166 65351 548782 190962 209287 804323 755316 744869 71884 498847 611554 106167 394440 742706 988966 14212 471650 460602 418928 946492 479950 559144 11173 741963 961388 579168 701391 487449 583617 391948 756565 0 199875 135198 817034 805065 191798 710845 375099 585787 606668 198357 657139 190760 389307 873597 272563 331122 213014 783426 692363 975019 555148 483345 125565 956768 806444 582665 555398 608602 620279 304910 387489 652913 478440 256911 264633 422590 392034 885947 846077 720238 460983 108278 8349 536461 380857 83139 971654 883399 879112 695343
943825 177009 665863 51399 662677 232357 330993 772114 951414 155693 742036 698175 223526 512029 743494 184406 394304 350276 28881 597652 285662 609194 397859 209408 104016 772616 221120 505197 33396 157457 121799 113993 252554 764450 108578 108195 719625 83071 411006 78249 758560 245723 136468 84837 794689 227491 695632 910930 311640 199875 0 33437 942914 147901 451275 760399 194106 881134 905438 53014 815911 222435 85448 268672 331293 368525 232942 663816 777143 534316 25826 792467 420765 784112 389702 820253 880846 737942 628876 49833 180222 226529 443078 46763 161799 698975 906007 683917 402992 692731 883961 352828 839766 155602 84275 687897 974903 163837 128551 1667
955584 1595 758569 88660 1487 60915 897200 272691 450855 741971 365184 958202 584515 264953 926205 863891 117948 677086 583144 700658 735584 712296 205920 221317 728538 561603 600247 858053 619576 579116 1540 360536 19541 7306 728978 221904 721998 603519 866870 951316 464730 360254 782987 504892 880756 859490 39858 679471 230345 135198 33437 0 497356 703358 115931 159845 530968 252419 600942 62536 983532 539954 128828 665817 787548 298018 766589 207814 788408 770015 18896 865644 368417 839333 261254 637760 922112 549473 371276 348972 243729 949617 279218 744273 284736 584371 143013 810509 986362 643205 425342 681999 315619 878172 734959 794416 192759 391261 658335 643877
888787 790831 98263 786084 602285 305697 585471 925912 410502 903029 996594 775094 870996 863506 916891 832201 579209 344174 555667 834208 381773 780927 600906 801799 979416 121774 648040 336603 15540 458111 178308 178902 661916 509672 726664 846773 645074 125573 39929 176570 648830 106506 684705 328201 534799 367986 990533 713438 603916 817034 942914 497356 0 425940 830541 741665 374343 532856 215973 737784 230492 624495 54301 699728 110932 673963 192129 32951 870490 405047 893554 919639 610630 31978 453002 739014 459643 514297 174358 532686 428000 849288 704800 200815 171378 154755 281742 312531 965301 887315 188976 510329 270651 301874 835912 859654 755998 755936 736441 498231
481043 910364 791143 499853 731319 898028 959066 147038 345109 625844 881705 487632 588606 15169 751088 598063 20820 892162 291716 454574 453252 703882 302257 245911 25504 970384 220530 890097 836507 929050 734973 613605 519729 602344 9091 467279 565398 312923 680369 823187 2103 211322 308011 839797 804887 781515 497366 216706 276956 805065 147901 703358 425940 0 142740 879109 295662 252552 9955 984460 582259 600838 497568 887192 94719 729655 151890 736201 781661 574541 72436 374315 385868 259917 510239 447 506471 788967 280911 599681 145066 49820 725967 585796 816955 975738 51395 78781 173262 301652 443555 325669 131876 655065 322596 993698 488240 568864 238845 526493
948049 896245 893203 200807 776211 902137 409943 442542 302987 502974 359012 739238 126277 853427 447527 172547 839637 301291 655220 744626 915474 545721 582240 532342 742896 636145 183261 495217 676683 498720 506215 123926 611110 44180 890423 85668 892728 651177 797348 122260 894160 883386 908333 358570 767940 100226 251817 992205 640186 191798 451275 115931 830541 142740 0 439486 172602 367498 409640 633124 745771 132308 497310 364863 209829 68823 620969 390289 855111 41209 634588 433997 5688 247964 581262 875226 251652 444935 207229 126560 216476 833680 340142 490195 935635 460313 137640 884668 89811 90834 918966 48486 796760 19146 472251 360971 177870 44359 687785 724881
96621 952750 653211 751647 599078 143797 659269 169348 978269 639943 548661 769193 445187 447884 621576 273211 306550 908122 659506 816373 320 158068 893046 951736 857802 418666 574878 88733 68834 744735 753441 239081 533758 659088 797617 410552 712711 482150 296219 350365 101352 727149 1409 961052 787246 292165 219695 666276 633777 710845 760399 159845 741665 879109 439486 0 422198 637126 845982 8425 86852 120282 977059 491173 610335 127541 141554 853285 104236 876517 384014 984493 981614 970791 146285 110264 161789 472859 18444 553636 304670 166248 522093 627376 534473 687844 311846 724620 785179 514567 947607 231379 686748 661859 516282 198777 639725 57141 83364 725863
853262 501854 445622 910698 449040 737388 136013 254365 744197 774590 168306 925501 322981 966323 327297 858479 990348 164812 388447 238704 578361 348906 747771 174982 292882 514437 404307 679748 463575 326758 647314 695096 690970 978258 257270 278379 258158 487557 247868 979221 452085 556962 623191 444613 912509 238281 201863 559850 554360 375099 194106 530968 374343 295662 172602 422198 0 534613 904492 34370 130409 824567 270947 92260 100220 341896 5221 47780 565109 480360 465505 291726 862762 556350 337208 580343 819192 608605 571223 338163 445147 362203 838047 380554 895896 479794 969271 783951 278178 837045 416877 441232 870575 387011 235499 626655 604385 578951 911517 516799
