100
962 962 962 962 962 962 962 962 962 962 962 962 962 962 962 962 962 962 962 962 962 962 962 962 962 962 962 962 962 962 962 962 962 962 962 962 962 962 962 962 962 962 962 962 962 962 962 962 962 962 962 962 962 962 962 962 962 962 962 962 962 962 962 962 962 962 962 962 962 962 962 962 962 962 962 962 962 962 962 962 962 962 962 962 962 962 962 962 962 962 962 962 962 962 962 962 962 962 962 962
0 744575 951538 967899 505357 565438 168389 690483 66790 16259 346959 753552 874237 265002 182550 76663 288864 218441 407275 302522 428574 904954 331180 120275 677933 568153 487019 395317 58499 470560 719068 425851 326373 103070 445666 783991 396765 816325 354596 836742 864436 814094 222451 829992 551356 460762 492150 578764 577574 741670 313442 794503 203507 697475 58575 244804 320272 612741 145124 768327 885889 681425 346287 120770 245518 445247 510853 842494 71589 858802 10555 555352 366821 53013 102848 270435 813510 129773 931306 138523 878113 74670 411572 416131 741218 435523 111060 460313 769979 621994 451133 784570 592825 360120 718074 906252 339777 864953 373544 474110
744575 0 609793 889693 532156 532439 284331 41821 944348 589712 637438 980913 897892 306890 504789 14763 903608 574660 311506 318768 492537 272792 634079 423966 726204 494871 113821 874378 450867 658799 658106 731625 448211 767276 238725 767070 130762 211677 337268 600088 693152 931942 781249 193571 590540 134889 239224 593786 702826 777428 871056 264799 829249 60627 725285 138021 521647 729911 668965 46991 316729 798228 953008 981214 96764 216973 911210 673558 68090 597609 452241 993367 540876 832872 687990 681174 76314 283777 160725 117050 216282 600357 317810 568132 877665 250650 293094 328941 393119 444817 992102 778463 541227 117052 712758 656550 382214 936127 556124 387680
951538 609793 0 223602 922536 320818 152365 317259 589768 209685 406665 948389 378103 549699 399375 787256 95330 535265 835196 156460 446349 748362 731468 143573 588114 637037 786409 472420 713830 278558 618966 884112 658987 895737 548679 186174 455532 812653 138558 778827 631691 544163 48307 389836 220169 410637 896474 820832 704343 363580 409595 117688 652393 172129 745095 34199 851201 51132 272473 644739 422893 969640 395268 909274 684513 837562 801359 102995 865797 220544 172901 269754 129373 990836 501084 355262 832681 896146 62384 126966 876251 96286 79356 978618 665853 738890 415829 849790 17138 757519 700154 565519 675940 190124 448803 213163 287309 275174 395617 21673
967899 889693 223602 0 433889 949223 797197 146791 198549 164967 130002 241405 3632 71566 34670 787303 349964 931232 380343 452555 678246 207101 649112 964084 237381 386407 625524 774281 700150 437279 833383 45344 804387 708875 425407 996446 178661 699233 160902 580094 543522 335219 407440 795390 486730 414139 337043 410850 110597 966721 91540 766569 623382 532843 503913 7564 223594 5811 884618 470802 617558 926186 72649 299253 539286 794974 150128 193037 51549 405027 553889 84108 680324 259465 256887 301678 492784 566688 417116 897188 305014 152620 622866 91871 251471 94301 61795 315469 81359 542166 695667 917367 6278 114905 486349 720888 538871 534184 625304 613478
505357 532156 922536 433889 0 379140 94554 340055 401886 670021 221139 737362 627823 243904 50544 572047 964214 169044 802593 609260 357134 711175 681026 828250 425577 338588 134974 962391 457840 948169 461291 90581 713810 560242 960462 675927 202304 449030 666186 726225 168056 952504 986605 737075 489013 152519 455907 258586 687775 837164 940208 378816 605776 512934 199963 305600 60714 30636 68758 70811 26862 567391 639160 993561 138103 836004 211669 612309 748371 297663 522876 293116 738970 309133 40316 224594 853707 993055 973186 513579 58287 97179 159246 837781 746062 71085 519006 964099 185392 372145 529236 465253 147030 953560 182336 296461 540159 924454 970267 771340
565438 532439 320818 949223 379140 0 637415 327158 884527 318186 793029 617150 434731 948503 823493 560788 913010 297465 607204 213155 282526 712411 601379 628330 418728 639128 934682 197827 588591 444064 941031 56051 176932 396035 873530 503084 570463 545680 284138 550513 78804 513953 1740 661331 793102 317006 520771 977724 570265 122129 809102 845103 343524 446372 744957 25578 560976 479079 277519 35607 84907 740671 444497 284611 815673 469934 287831 977461 408229 492552 353926 321305 945215 102338 497545 177212 160020 299338 954181 64647 926071 259422 538173 390578 392266 118257 780145 198667 166845 273466 300716 851187 929582 753981 408422 12562 70819 263496 440120 169541
168389 284331 152365 797197 94554 637415 0 450906 949048 743776 756431 588337 575515 606545 511536 135233 310804 299405 739792 529206 134412 740475 496244 554233 84242 404130 453708 709390 349856 30030 283329 747009 672582 695144 734532 664 579214 815570 104814 860395 219905 357862 400860 201993 196778 635709 920301 333534 349305 611979 72845 502949 954747 107265 649592 695607 560255 484956 586840 492048 28107 354910 727304 837301 364965 770693 467639 640324 726070 602556 500001 492610 393760 728221 672610 262529 253372 753237 580158 430750 555741 474870 459092 624017 377614 516930 278735 816217 572455 272565 566518 618280 134276 911815 383606 209850 221253 931823 958815 294678
690483 41821 317259 146791 340055 327158 450906 0 714612 80860 236971 277168 187998 222560 566139 376900 372485 588152 870277 92751 189626 324934 556123 986977 362323 134645 139530 619070 724765 843143 854897 785037 326887 771450 161699 881601 487259 737192 837077 744484 482484 771319 91180 240506 937794 39142 392117 1975 430724 658899 516213 633855 432573 888459 512402 149634 634948 96175 360113 920530 446888 597475 78386 701517 940591 955628 724992 423416 473797 809832 774352 874122 147363 16167 900822 956008 797529 773021 401706 570344 868724 78740 619663 130387 277840 220708 404926 603315 767443 116861 139583 487949 57242 478229 502139 234432 401366 863722 487898 151454
66790 944348 589768 198549 401886 884527 949048 714612 0 895890 181293 82404 393703 211641 760421 457424 231417 797556 287140 182784 601157 314658 919244 42806 953008 77179 13685 7190 839640 341850 26984 60358 409070 346053 628775 36943 927997 923466 707741 759948 656611 835786 340969 580790 432866 649682 268153 575005 690448 400428 987106 42778 705133 143785 828016 789464 520777 475728 328387 808446 795443 787180 887997 99164 178197 903923 513287 250671 271382 861237 821474 582355 45924 874222 800150 319492 570739 910808 467804 403796 779429 766214 839677 467380 841023 850140 146124 456074 165301 250199 408637 552891 290728 19218 474334 965884 909971 783640 429988 811044
16259 589712 209685 164967 670021 318186 743776 80860 895890 0 373143 145025 652121 785598 760488 490060 316552 323545 226176 441509 787062 528939 389554 718979 337432 773226 752892 952647 782245 266746 950203 400539 913611 725282 387005 899612 579455 309134 668725 489448 677189 714958 470374 875056 557769 241046 685335 126689 912703 588947 139965 429942 681645 695866 224509 405196 17957 985421 152140 447362 398820 785114 819554 55405 469608 223471 556057 416242 165430 907146 477273 643953 298754 925818 857693 122404 780841 660504 900916 988791 895353 757702 601119 768183 967547 279248 770680 461059 247770 498722 503810 51265 452554 907246 218314 107290 544056 501467 194908 241939
346959 637438 406665 130002 221139 793029 756431 236971 181293 373143 0 774549 818166 630720 132082 648741 838767 843087 14857 319754 713950 173329 237615 987636 401927 222122 155886 889658 184876 990940 126172 973237 296700 536527 353540 91469 107612 313575 551491 842173 746302 298792 248883 787553 331433 818884 26752 442071 800709 809366 852564 842092 55075 104233 958676 972532 543636 825910 815756 277544 391501 455152 909875 639240 237149 18610 207150 977985 773045 618624 551365 671588 28627 404855 789642 792505 805275 401473 321838 617993 203961 274244 635377 94218 866942 767298 6425 108909 799619 504663 774687 263736 227525 787310 324011 64944 685862 45047 339668 735704
753552 980913 948389 241405 737362 617150 588337 277168 82404 145025 774549 0 195167 800365 368040 836126 558354 246935 454907 662247 754191 516530 278344 876993 739538 681901 159221 320998 273987 1079 814238 60683 504384 787085 723734 764341 711412 80636 942852 412445 651357 695438 744995 44218 5257 711969 16167 712245 783603 771622 456808 88427 761935 214253 867076 535600 724017 351250 426717 581810 53546 793601 487888 168821 503753 483356 941830 775961 148946 518396 334145 382865 319560 761615 433958 982937 900549 460167 43917 787425 778099 28259 131487 596236 254015 188925 963993 477900 186412 893653 896410 378320 849614 697488 644142 520630 668524 18658 39162 107340
874237 897892 378103 3632 627823 434731 575515 187998 393703 652121 818166 195167 0 117038 302841 654654 999885 920833 502070 227265 120209 611925 361496 105203 36916 646583 870530 800883 53109 731317 77066 743914 867106 459237 211262 738953 758809 861080 576248 903643 936914 689078 206806 82387 639116 821602 688752 72032 153804 92060 771025 843243 673552 502783 5398 832219 725915 955326 960959 36431 547198 768853 26008 415322 657783 366348 640089 387936 910542 511055 250330 730051 170732 560018 329738 523771 219090 474241 239498 31709 594695 67443 660719 669050 901361 273644 251035 651093 83837 686763 296101 164657 450622 772049 777062 70364 627682 212591 245013 404760
265002 306890 549699 71566 243904 948503 606545 222560 211641 785598 630720 800365 117038 0 376695 694753 6772 99159 230501 421003 472772 130041 484124 744132 951215 332693 50585 531555 314307 476600 825143 995675 180927 30286 825466 602652 503417 378162 968894 616695 381111 175328 620679 842425 404893 618148 690623 795827 645668 55370 478910 364374 541745 381435 160536 86956 383692 883137 197017 496051 18457 982721 828170 116717 605510 873760 449898 305677 886491 974012 858525 712479 337100 33082 568532 237205 419323 295979 966915 853325 238477 392220 645343 830566 829941 523573 557766 405204 20918 699891 734163 208164 215260 875677 634343 927828 612321 670367 902852 640369
182550 504789 399375 34670 50544 823493 511536 566139 760421 760488 132082 368040 302841 376695 0 825067 404043 544201 267394 170903 807114 245092 406173 823106 99931 12136 527836 515211 137658 360643 736228 16768 270300 263197 788398 386205 139038 113969 195072 540551 573422 585558 46424 348613 717318 411025 569332 406995 324444 94859 249125 153215 961572 753861 933195 781547 45998 378929 373804 543738 131396 334293 927484 468411 512544 980263 670906 421550 344747 626309 255543 863116 928111 928956 465249 851035 471722 473537 952325 145141 71888 433138 935872 692147 369934 828207 223569 281671 118640 959923 782009 122552 802801 817259 480562 219889 63113 743925 590809 814640
76663 14763 787256 787303 572047 560788 135233 376900 457424 490060 648741 836126 654654 694753 825067 0 118114 945211 713325 327702 657169 696207 994335 993336 302980 516848 965260 155168 61076 226219 695298 913529 504499 857525 29353 55456 661664 961481 913555 331686 554619 468147 831286 550732 915415 170615 795083 238033 119385 235196 804198 582295 916224 160442 920254 817765 210381 850698 775432 288105 251570 838054 592775 603914 968929 766130 730073 520655 266916 591626 436671 52152 82776 219027 231917 85922 942758 793427 820972 115564 719879 437983 403379 402100 929528 162103 444244 673443 469086 761015 620553 480308 156905 469134 272219 535043 611116 205142 425050 455670
288864 903608 95330 349964 964214 913010 310804 372485 231417 316552 838767 558354 999885 6772 404043 118114 0 903547 136139 181560 531934 512158 644734 700027 579653 715467 629197 319982 326201 86348 706503 538653 18217 102388 672712 96756 233436 501886 326202 79867 887824 559424 943704 779131 27833 552981 646755 294326 415232 938710 111628 351096 810768 998159 402127 312753 377197 968390 501745 338481 897386 663974 87769 386752 27657 522641 62915 440009 915805 333950 374380 92027 452842 859372 893366 536130 358541 887506 552038 72437 267594 886756 316784 349205 874154 179951 808143 295333 918877 650324 10437 957889 300830 676391 711970 580312 353420 931377 721668 32705
218441 574660 535265 931232 169044 297465 299405 588152 797556 323545 843087 246935 920833 99159 544201 945211 903547 0 339358 603536 150813 287384 312153 288317 92642 568650 812148 310503 138274 397601 296338 674970 626921 199087 850328 821392 781159 673341 674551 799195 744722 16096 333983 162003 546276 868591 877155 660862 467773 368500 253822 791251 456744 537578 797694 502105 33438 255269 213647 357016 176095 462348 228876 280793 870781 489308 785021 895529 843770 220327 210325 892202 393059 221123 820648 777060 298942 265119 15709 199864 143145 146770 990545 292000 599807 375458 13317 530190 146231 682353 834858 96026 488519 963568 140989 787633 290763 18536 777395 614437
407275 311506 835196 380343 802593 607204 739792 870277 287140 226176 14857 454907 502070 230501 267394 713325 136139 339358 0 853492 429346 43820 873015 912391 864228 281851 440159 37503 435958 889673 188041 478284 598706 620613 486968 350756 534421 140556 273022 999064 913806 626581 423455 947458 575367 23360 492734 305054 80211 212533 685961 54341 746318 128150 161529 721862 102243 485068 41896 314437 713180 292514 65488 578912 829631 935310 441591 589403 793561 201142 666061 639786 314533 398864 407869 118616 564265 901959 998092 121374 252925 599700 651166 722078 642428 434147 234402 48735 162879 565343 416856 169366 864494 977734 939474 405070 45645 240416 102217 314723
302522 318768 156460 452555 609260 213155 529206 92751 182784 441509 319754 662247 227265 421003 170903 327702 181560 603536 853492 0 977103 539369 532980 668181 509525 504519 471398 880275 315168 201797 834073 994485 391265 501672 392104 864607 176583 19046 683850 269009 896157 414516 178966 1179 937667 555611 539861 936119 989988 467845 427848 490544 488574 752134 988913 806125 443928 879516 253452 445663 87184 124998 953586 728538 536059 686002 469045 409016 867055 555789 913608 257352 659230 390146 949924 314477 309191 74803 208678 463546 887647 855756 355013 475778 647369 547616 912313 23747 843281 299278 916684 79016 256495 263949 94290 496706 441829 958514 488892 58399
428574 492537 446349 678246 357134 282526 134412 189626 601157 787062 713950 754191 120209 472772 807114 657169 531934 150813 429346 977103 0 566808 384886 878140 808080 657700 752401 687021 623773 489266 849676 149983 364989 222661 573638 178544 838534 45319 636075 544155 424000 137383 714019 536433 133765 948799 359093 335430 663685 31918 506096 93426 330392 398518 329731 672776 670791 60204 665981 571956 228023 484414 565645 686060 797305 58028 664593 514559 794201 162666 949565 596104 523576 920958 431824 821843 484256 354947 139966 318805 686536 741789 186258 603312 281638 838081 39177 809965 67044 3948 224108 863127 284447 714807 581600 135205 618177 312150 588937 106486
904954 272792 748362 207101 711175 712411 740475 324934 314658 528939 173329 516530 611925 130041 245092 696207 512158 287384 43820 539369 566808 0 550371 128487 461890 1638 29742 337195 300880 602547 640777 36304 242408 357914 558712 868187 789370 615398 808447 870205 2975 839379 672541 824967 751962 824106 515400 739984 736048 490821 316934 974001 647748 87404 175475 747049 291555 451182 948413 333110 376458 430572 771995 55215 383839 881170 391699 248173 693217 408769 80757 183480 587237 483041 888527 37926 337075 816472 428215 305190 633913 320920 960136 545882 83138 647264 654133 390005 595173 311287 160513 191027 465206 219303 280836 777109 983631 955811 931123 744384
331180 634079 731468 649112 681026 601379 496244 556123 919244 389554 237615 278344 361496 484124 406173 994335 644734 312153 873015 532980 384886 550371 0 101620 28115 67159 627290 867615 102957 141097 861272 56383 846053 507238 995054 552987 632738 185563 41612 195240 725071 319659 289676 723612 789207 589435 913191 843413 531237 431197 120599 383864 605208 560982 473110 208606 664874 135176 979196 992692 336645 839751 43089 694910 95546 290735 171286 143404 467260 123178 596737 553631 138826 861927 165973 353339 309740 14909 742331 360045 600033 772535 934896 228332 249267 469338 39942 631639 397775 744029 541899 37988 247349 129738 885451 321222 605292 515107 462849 676032
120275 423966 143573 964084 828250 628330 554233 986977 42806 718979 987636 876993 105203 744132 823106 993336 700027 288317 912391 668181 878140 128487 101620 0 125302 393817 190873 58328 595918 841474 428849 427986 473304 464974 161003 573319 798777 299305 571366 850702 812207 301286 518178 129242 779617 753874 169507 750968 624343 654165 82656 765523 37384 479548 512845 42177 312264 374398 759987 626793 719846 735321 566213 279086 887972 852803 822848 859947 401810 321833 827837 190244 576686 244063 487992 742886 393348 800416 913610 76880 788839 609972 553107 606370 979622 390478 261833 715269 830112 802322 624514 29175 499601 189018 439042 239631 317002 884924 178156 33759
677933 726204 588114 237381 425577 418728 84242 362323 953008 337432 401927 739538 36916 951215 99931 302980 579653 92642 864228 509525 808080 461890 28115 125302 0 26236 21436 606196 642073 397629 366999 549360 830290 930678 610877 797928 987345 63462 384266 116597 510408 845556 286649 798516 151316 441311 345583 934149 989234 24773 583069 613172 465706 723729 528493 345044 397549 494860 459515 746224 863725 416535 987847 875785 483459 4032 470831 87753 744205 225616 482516 573517 623901 48431 453735 451222 377571 22518 872004 761014 256821 287096 892118 549756 842673 731093 778731 360952 102870 137873 467494 723411 39306 916470 450744 431076 938482 362180 366065 194108
568153 494871 637037 386407 338588 639128 404130 134645 77179 773226 222122 681901 646583 332693 12136 516848 715467 568650 281851 504519 657700 1638 67159 393817 26236 0 122013 253461 632978 584748 718829 122261 257098 256240 514120 365690 857540 965552 539839 607334 950597 975356 580741 491032 928623 337482 820861 156864 951370 113381 633866 596833 29454 959435 9800 506477 390946 902580 596290 708452 651843 826267 28985 501167 418782 891152 895444 591241 97972 253013 793304 359279 400447 954061 651746 251064 784688 551364 872084 683742 473872 154745 247865 420732 166466 516413 149527 553792 870290 182485 616025 575342 360116 957666 619330 495341 141974 93238 540100 232189
487019 113821 786409 625524 134974 934682 453708 139530 13685 752892 155886 159221 870530 50585 527836 965260 629197 812148 440159 471398 752401 29742 627290 190873 21436 122013 0 578781 227916 189725 104438 358590 447445 573031 214799 385035 692412 460197 15998 612035 314956 103229 420891 820006 809406 165796 407124 349748 802287 710653 503267 260590 325062 340022 133696 226123 650365 556535 133310 288043 755176 986683 895924 20457 74997 496834 958184 435256 14001 768233 394924 169904 121726 768642 764751 75942 964030 299446 101030 539413 380525 711060 663829 948246 910975 211838 675820 372404 142262 4841 265144 453218 618921 681079 195121 712626 423382 487088 264936 980020
395317 874378 472420 774281 962391 197827 709390 619070 7190 952647 889658 320998 800883 531555 515211 155168 319982 310503 37503 880275 687021 337195 867615 58328 606196 253461 578781 0 857097 239854 401400 479182 800448 51318 425074 255903 82690 587261 907981 952194 676605 55647 765856 914103 160277 315974 379579 148237 848700 835780 636086 54180 346910 433948 423801 332698 430274 116048 52028 818338 434920 189819 408907 942312 734462 382098 543370 220736 361699 480840 18506 185900 746454 397108 82140 574207 352385 890316 44491 619331 768103 997468 598103 311716 40060 308453 527563 892064 994786 43893 636458 127881 627479 462385 672852 292935 945623 884869 431762 552331
58499 450867 713830 700150 457840 588591 349856 724765 839640 782245 184876 273987 53109 314307 137658 61076 326201 138274 435958 315168 623773 300880 102957 595918 642073 632978 227916 857097 0 59013 16927 970588 232239 794256 822290 101384 2913 49785 758651 910370 803076 164220 857758 442409 378961 207705 204907 109987 471206 375376 61211 31108 333670 149417 119143 735460 299023 424469 129485 726261 447035 94265 746888 480921 59538 671505 691868 639688 886750 381646 727291 801829 406169 214364 374178 312634 271735 493860 563140 871839 36234 424761 212682 549921 773089 9674 409761 611355 629788 749872 937339 841312 590263 512414 110794 903038 154233 799740 386071 828984
470560 658799 278558 437279 948169 444064 30030 843143 341850 266746 990940 1079 731317 476600 360643 226219 86348 397601 889673 201797 489266 602547 141097 841474 397629 584748 189725 239854 59013 0 673616 673573 168692 569710 583583 794061 655055 661055 281834 745519 82894 686842 661686 104350 789427 821350 965027 582239 185888 290801 702602 693089 809878 978622 258706 666115 896354 735199 268094 306359 985319 900234 276698 506268 993243 176666 46589 704406 952555 648286 336350 714725 137263 390769 557051 679991 751495 103122 973044 877841 756470 31705 659826 702605 497733 620312 621573 906421 151758 265174 74358 756813 940008 982219 513748 926624 25913 430683 866601 144267
719068 658106 618966 833383 461291 941031 283329 854897 26984 950203 126172 814238 77066 825143 736228 695298 706503 296338 188041 834073 849676 640777 861272 428849 366999 718829 104438 401400 16927 673616 0 709791 993225 269041 27544 829976 735139 336927 398324 963102 13276 48959 678185 491564 485726 98185 767113 285175 489523 800526 126543 876995 436178 216079 56115 454217 341431 582563 268075 189425 21876 841984 338968 646584 208958 292219 395159 223684 547763 266558 397028 965980 616816 531422 81853 161602 793059 724973 191272 229668 830306 110114 465153 940839 895495 793781 769573 34878 104008 485534 716333 904271 944803 956263 974631 461256 402176 975770 124153 992550
425851 731625 884112 45344 90581 56051 747009 785037 60358 400539 973237 60683 743914 995675 16768 913529 538653 674970 478284 994485 149983 36304 56383 427986 549360 122261 358590 479182 970588 673573 709791 0 879452 567475 664183 151937 600744 962695 157967 813057 88234 383962 150786 325193 911343 250357 70193 297134 321214 87593 196005 831802 243677 634275 841412 840621 166454 464749 144452 458010 93146 53912 38367 647719 989565 438291 495966 784275 329853 886858 797260 413596 884330 214046 698421 59147 464497 544978 846861 469785 845142 510656 342081 123184 175471 472678 250513 644228 116377 284939 996444 750528 11619 612979 42052 989464 126038 867864 859677 95511
326373 448211 658987 804387 713810 176932 672582 326887 409070 913611 296700 504384 867106 180927 270300 504499 18217 626921 598706 391265 364989 242408 846053 473304 830290 257098 447445 800448 232239 168692 993225 879452 0 72297 811435 947916 859313 792532 688790 308639 918472 199536 973090 414720 294881 845965 902276 577133 366941 570028 185756 783413 831095 989849 395738 586888 706260 325948 651601 584349 964091 814294 900285 244581 767658 155238 868418 551384 48059 535203 724960 367360 790238 399541 812264 310374 825233 891147 901432 250321 603359 173372 559252 847654 261966 452886 801591 635370 333864 17660 592483 315865 564317 70015 168503 768426 786238 161292 857595 740342
103070 767276 895737 708875 560242 396035 695144 771450 346053 725282 536527 787085 459237 30286 263197 857525 102388 199087 620613 501672 222661 357914 507238 464974 930678 256240 573031 51318 794256 569710 269041 567475 72297 0 389829 722770 131269 349339 845651 550822 754110 463403 879365 222222 776413 639734 823387 361644 731797 210989 879150 409010 492364 456604 684267 652207 734454 856756 721384 127758 558370 402259 542111 814270 215454 240468 444251 115537 636968 103178 505239 384205 390663 551537 711294 419909 401321 175325 777202 977721 978357 430680 112034 619415 405864 303893 853756 435198 16917 693579 139819 89959 698600 295030 646482 995405 441110 5225 175276 692432
445666 238725 548679 425407 960462 873530 734532 161699 628775 387005 353540 723734 211262 825466 788398 29353 672712 850328 486968 392104 573638 558712 995054 161003 610877 514120 214799 425074 822290 583583 27544 664183 811435 389829 0 71455 71253 269239 979982 498973 447338 924493 724346 949883 218836 561099 275133 134765 355228 506782 270461 792172 987564 97261 752011 67145 689979 198348 145116 558798 438097 678914 703279 289905 297637 993382 117782 810135 236323 277337 931897 216825 216631 574453 581006 67087 976461 245072 79168 778079 200387 359271 489200 276993 185440 241352 47927 228365 705031 888814 704760 542962 805513 11482 666376 941125 760604 748226 721897 522218
783991 767070 186174 996446 675927 503084 664 881601 36943 899612 91469 764341 738953 602652 386205 55456 96756 821392 350756 864607 178544 868187 552987 573319 797928 365690 385035 255903 101384 794061 829976 151937 947916 722770 71455 0 640214 335974 525901 146703 450506 244841 802484 290505 961868 312754 67797 214647 170215 49209 228358 283853 837467 734140 440381 993582 814601 622556 214449 963709 570555 425988 384954 763702 214696 386342 116565 369186 798348 223115 778823 601090 312257 386426 903358 203110 451694 978746 14827 42767 425543 335344 499737 856554 639987 449231 90289 733902 820221 417056 63062 257071 498883 859849 437816 678811 5497 356675 61912 230956
396765 130762 455532 178661 202304 570463 579214 487259 927997 579455 107612 711412 758809 503417 139038 661664 233436 781159 534421 176583 838534 789370 632738 798777 987345 857540 692412 82690 2913 655055 735139 600744 859313 131269 71253 640214 0 415164 640327 647160 939573 185443 313699 50046 309555 481908 796931 771034 516528 651200 117366 406837 217935 141186 126817 759887 809982 308347 995336 892594 913892 402975 606982 604682 828644 85402 463303 286139 946740 985033 317767 670922 943215 847043 57230 612163 514859 711287 240167 786926 311117 951286 238416 79404 510485 711667 432216 34019 660006 87995 906525 654454 415433 278063 240799 926140 424775 378574 438700 159308
816325 211677 812653 699233 449030 545680 815570 737192 923466 309134 313575 80636 861080 378162 113969 961481 501886 673341 140556 19046 45319 615398 185563 299305 63462 965552 460197 587261 49785 661055 336927 962695 792532 349339 269239 335974 415164 0 717073 862395 995110 666879 825626 776229 540434 193009 943769 266550 827296 796084 407043 709503 455167 470841 542056 997256 644538 263731 677979 296920 376218 282513 766885 45514 928039 333369 188470 964059 303815 2965 431589 719704 112479 131236 340892 19636 281219 689841 485521 806156 820045 891531 319533 489298 493932 327594 817540 283023 84176 659176 136025 501288 345119 548365 593320 970383 745771 582990 422452 231894
354596 337268 138558 160902 666186 284138 104814 837077 707741 668725 551491 942852 576248 968894 195072 913555 326202 674551 273022 683850 636075 808447 41612 571366 384266 539839 15998 907981 758651 281834 398324 157967 688790 845651 979982 525901 640327 717073 0 929858 128279 31096 936275 469777 587979 774629 807144 881609 351428 850563 182883 587489 871259 122493 126465 884372 869195 608669 207486 168070 632284 895290 118957 709980 234339 753373 276724 117739 994055 984447 602018 315180 481321 585 179836 931583 426902 203515 63380 18496 341203 752508 474375 594434 968981 889328 612697 461639 332165 16403 562632 720664 414753 242229 84403 562441 418831 120681 467816 834784
836742 600088 778827 580094 726225 550513 860395 744484 759948 489448 842173 412445 903643 616695 540551 331686 79867 799195 999064 269009 544155 870205 195240 850702 116597 607334 612035 952194 910370 745519 963102 813057 308639 550822 498973 146703 647160 862395 929858 0 669673 409138 916116 218321 144282 162775 129464 26707 495302 352429 88898 857021 10293 296757 804240 555068 510954 113743 330712 4591 600190 364140 301189 484155 863147 331805 621035 353393 509122 223988 865452 467060 829086 630278 431803 781589 77249 359136 422964 187919 875999 311874 345623 124360 290933 809564 496458 376896 67460 303994 216303 555534 710219 426244 455955 82657 130796 906957 839984 13119
864436 693152 631691 543522 168056 78804 219905 482484 656611 677189 746302 651357 936914 381111 573422 554619 887824 744722 913806 896157 424000 2975 725071 812207 510408 950597 314956 676605 803076 82894 13276 88234 918472 754110 447338 450506 939573 995110 128279 669673 0 723464 595404 548012 181364 667346 393679 224225 395553 217171 222827 847413 432477 93219 193569 640393 102938 332531 551403 378043 544519 886865 809578 981385 420246 364524 791239 443717 802990 490363 727478 568352 785653 449315 190723 799049 535768 268555 519040 535896 627102 555389 21653 74937 574490 79561 480563 982726 560969 507796 735325 93697 559182 996976 10362 663534 518902 803709 92495 539769
814094 931942 544163 335219 952504 513953 357862 771319 835786 714958 298792 695438 689078 175328 585558 468147 559424 16096 626581 414516 137383 839379 319659 301286 845556 975356 103229 55647 164220 686842 48959 383962 199536 463403 924493 244841 185443 666879 31096 409138 723464 0 758376 680171 535243 762279 868586 381470 305821 106296 212563 815585 588510 701538 383787 501699 326660 716428 423806 248435 515734 508072 518799 799903 885367 53031 286913 323403 75434 251659 623122 209095 161697 701023 506119 783738 845715 786385 497491 875739 226732 247929 515541 332542 478822 247503 972708 50086 525549 648625 754541 151715 344325 447071 551980 962383 581219 129774 880902 501821
222451 781249 48307 407440 986605 1740 400860 91180 340969 470374 248883 744995 206806 620679 46424 831286 943704 333983 423455 178966 714019 672541 289676 518178 286649 580741 420891 765856 857758 661686 678185 150786 973090 879365 724346 802484 313699 825626 936275 916116 595404 758376 0 559719 421669 165730 730105 582747 452276 826856 628369 177816 619976 109052 855879 935704 679620 295534 323645 175973 174031 706048 456228 979028 833399 394563 808954 333320 591353 518063 561767 849856 663743 162283 276289 409794 342789 562045 639862 840162 176019 989455 175178 937698 438293 966014 470915 805536 701358 518151 267242 739165 504319 918113 65405 992390 910814 805484 619625 67112
829992 193571 389836 795390 737075 661331 201993 240506 580790 875056 787553 44218 82387 842425 348613 550732 779131 162003 947458 1179 536433 824967 723612 129242 798516 491032 820006 914103 442409 104350 491564 325193 414720 222222 949883 290505 50046 776229 469777 218321 548012 680171 559719 0 612570 193863 398346 169576 123687 361427 542397 312515 411645 492919 280826 601569 297850 208948 681578 842411 4651 812214 728662 489236 64258 476141 630577 989374 470311 934452 116009 721674 185138 719301 20627 55988 973704 417430 452316 441775 998626 827974 592821 201685 687035 58673 50242 316086 467681 30978 504406 839998 892041 910604 369287 222136 597166 899594 461407 536144
551356 590540 220169 486730 489013 793102 196778 937794 432866 557769 331433 5257 639116 404893 717318 915415 27833 546276 575367 937667 133765 751962 789207 779617 151316 928623 809406 160277 378961 789427 485726 911343 294881 776413 218836 961868 309555 540434 587979 144282 181364 535243 421669 612570 0 490868 894384 176659 333105 516934 229245 268656 955802 362967 179329 634071 371849 499995 761173 762827 932219 684755 501521 525873 98350 826798 921837 397368 305483 767507 923601 577812 618732 254892 177205 377 515362 298643 306749 272556 966540 951250 669927 763738 447874 157992 29770 609111 518995 738005 306440 774478 26772 775689 262304 267178 49479 466619 514119 954737
460762 134889 410637 414139 152519 317006 635709 39142 649682 241046 818884 711969 821602 618148 411025 170615 552981 868591 23360 555611 948799 824106 589435 753874 441311 337482 165796 315974 207705 821350 98185 250357 845965 639734 561099 312754 481908 193009 774629 162775 667346 762279 165730 193863 490868 0 742417 727152 798639 108244 569558 465813 368174 459525 790570 735617 990840 36632 993855 483829 339898 477574 4175 892904 430537 478621 642405 409986 79353 806529 841886 466377 82180 547176 632665 68914 670979 501690 105444 60689 498443 150437 621892 269659 745111 303748 921197 87599 697107 251056 100687 227306 803010 175634 13467 235844 774010 929790 226218 133081
492150 239224 896474 337043 455907 520771 920301 392117 268153 685335 26752 16167 688752 690623 569332 795083 646755 877155 492734 539861 359093 515400 913191 169507 345583 820861 407124 379579 204907 965027 767113 70193 902276 823387 275133 67797 796931 943769 807144 129464 393679 868586 730105 398346 894384 742417 0 177966 454853 265768 628268 631362 467948 59437 514662 198343 556734 99638 834127 193446 246406 129453 596196 286289 988852 862043 163051 96405 677726 567625 17645 658902 544077 126545 48751 993942 344644 549619 216911 471579 225505 481303 783551 890855 554538 509478 364463 272955 63993 169870 869449 456135 733691 517899 694885 806589 674284 916424 697024 344303
578764 593786 820832 410850 258586 977724 333534 1975 575005 126689 442071 712245 72032 795827 406995 238033 294326 660862 305054 936119 335430 739984 843413 750968 934149 156864 349748 148237 109987 582239 285175 297134 577133 361644 134765 214647 771034 266550 881609 26707 224225 381470 582747 169576 176659 727152 177966 0 987899 440946 25313 557130 498148 181696 781623 732330 128187 985560 140923 299335 409214 74874 727652 490741 726183 229977 873238 553712 760291 582457 728060 455489 339663 166894 382573 791919 905742 686821 272057 648903 133056 280627 523662 549562 141704 311934 286907 643993 907939 476090 744067 411815 155933 351279 605249 861943 162421 414226 742371 830701
577574 702826 704343 110597 687775 570265 349305 430724 690448 912703 800709 783603 153804 645668 324444 119385 415232 467773 80211 989988 663685 736048 531237 624343 989234 951370 802287 848700 471206 185888 489523 321214 366941 731797 355228 170215 516528 827296 351428 495302 395553 305821 452276 123687 333105 798639 454853 987899 0 693186 59000 602899 926840 789846 461296 285900 46629 74430 157543 463344 903229 211040 960398 886703 501626 630953 283460 471642 523551 444996 536340 977006 334098 112880 2074 591125 478908 213225 575523 337896 745558 538573 206863 50346 364196 816521 953077 361023 2247 395501 442857 80492 756775 769154 793065 825513 563062 913357 482825 571708
741670 777428 363580 966721 837164 122129 611979 658899 400428 588947 809366 771622 92060 55370 94859 235196 938710 368500 212533 467845 31918 490821 431197 654165 24773 113381 710653 835780 375376 290801 800526 87593 570028 210989 506782 49209 651200 796084 850563 352429 217171 106296 826856 361427 516934 108244 265768 440946 693186 0 380376 749951 896665 585268 289643 745544 41621 960214 481846 717353 591250 653926 706478 40875 263082 981500 157770 596626 492081 986908 803378 819316 733698 505700 802852 209712 651577 171939 336076 679598 272950 916767 410739 48770 102348 509674 2125 321526 176038 195720 640690 774430 796032 121811 156616 208776 569859 775223 936769 911944
313442 871056 409595 91540 940208 809102 72845 516213 987106 139965 852564 456808 771025 478910 249125 804198 111628 253822 685961 427848 506096 316934 120599 82656 583069 633866 503267 636086 61211 702602 126543 196005 185756 879150 270461 228358 117366 407043 182883 88898 222827 212563 628369 542397 229245 569558 628268 25313 59000 380376 0 206531 196159 369739 963287 858177 827719 655258 324798 995803 738927 774911 172363 71301 532397 937934 848579 343789 613477 880441 268468 724330 265751 248456 679976 381831 55614 81273 212489 622135 172124 575405 236692 463164 608749 571569 883822 446477 1861 999081 937935 490429 514976 272698 612971 487400 169787 285752 406345 49302
794503 264799 117688 766569 378816 845103 502949 633855 42778 429942 842092 88427 843243 364374 153215 582295 351096 791251 54341 490544 93426 974001 383864 765523 613172 596833 260590 54180 31108 693089 876995 831802 783413 409010 792172 283853 406837 709503 587489 857021 847413 815585 177816 312515 268656 465813 631362 557130 602899 749951 206531 0 889067 984373 674307 646231 471441 350260 502114 775450 630782 255938 198689 470543 818154 357264 388293 883185 110808 988300 242006 156486 22165 360795 406723 538308 797906 680878 994534 353023 507917 220362 782296 718592 305937 422412 781733 525445 816824 385611 968532 773357 689570 952905 959983 877347 863059 703369 931380 519725
203507 829249 652393 623382 605776 343524 954747 432573 705133 681645 55075 761935 673552 541745 961572 916224 810768 456744 746318 488574 330392 647748 605208 37384 465706 29454 325062 346910 333670 809878 436178 243677 831095 492364 987564 837467 217935 455167 871259 10293 432477 588510 619976 411645 955802 368174 467948 498148 926840 896665 196159 889067 0 138629 97588 400049 504240 130274 92041 877564 141315 396217 915640 540608 766713 581563 141769 814242 96499 281361 328200 741414 206688 851106 277303 141875 151259 671994 867826 303946 549738 417303 417774 862374 80669 752414 816211 566168 882642 284065 219547 942698 344358 861042 428534 898099 815684 895647 610076 359965
697475 60627 172129 532843 512934 446372 107265 888459 143785 695866 104233 214253 502783 381435 753861 160442 998159 537578 128150 752134 398518 87404 560982 479548 723729 959435 340022 433948 149417 978622 216079 634275 989849 456604 97261 734140 141186 470841 122493 296757 93219 701538 109052 492919 362967 459525 59437 181696 789846 585268 369739 984373 138629 0 224143 801278 970524 580962 569018 153821 377780 270409 505604 738846 298215 518796 12807 895698 105420 20089 386476 222321 407154 812244 493846 832329 530216 109618 259277 219346 731156 407619 451643 846793 535149 972248 95002 44195 233496 580225 394573 935855 243859 516391 33328 843407 341533 471146 529835 431604
58575 725285 745095 503913 199963 744957 649592 512402 828016 224509 958676 867076 5398 160536 933195 920254 402127 797694 161529 988913 329731 175475 473110 512845 528493 9800 133696 423801 119143 258706 56115 841412 395738 684267 752011 440381 126817 542056 126465 804240 193569 383787 855879 280826 179329 790570 514662 781623 461296 289643 963287 674307 97588 224143 0 187267 719687 377238 173949 176695 83298 776918 535446 936182 751743 951049 730037 722134 829763 565706 992582 290748 253928 770036 59469 763702 990105 339212 893272 103427 194367 893290 492430 319024 212907 708048 433851 498444 155242 526293 763826 259360 745867 508972 74562 652020 553600 804200 566378 174724
244804 138021 34199 7564 305600 25578 695607 149634 789464 405196 972532 535600 832219 86956 781547 817765 312753 502105 721862 806125 672776 747049 208606 42177 345044 506477 226123 332698 735460 666115 454217 840621 586888 652207 67145 993582 759887 997256 884372 555068 640393 501699 935704 601569 634071 735617 198343 732330 285900 745544 858177 646231 400049 801278 187267 0 857048 642937 494862 761454 499335 305550 869438 984907 443378 198399 627773 259125 453821 67205 67018 940724 446797 229897 33990 485868 448138 192785 923213 149840 686730 144236 838402 761745 227241 452204 868136 221313 602215 189614 101101 594072 39456 36310 499143 663311 461669 905944 442654 966194
320272 521647 851201 223594 60714 560976 560255 634948 520777 17957 543636 724017 725915 383692 45998 210381 377197 33438 102243 443928 670791 291555 664874 312264 397549 390946 650365 430274 299023 896354 341431 166454 706260 734454 689979 814601 809982 644538 869195 510954 102938 326660 679620 297850 371849 990840 556734 128187 46629 41621 827719 471441 504240 970524 719687 857048 0 725227 424271 820224 990235 929479 817675 879725 931296 415199 509953 94573 725303 762014 6075 67763 972690 686438 212310 610308 188048 602939 102387 605483 85566 719226 836793 164892 261097 139164 815215 258595 430988 751456 357384 426593 845033 126607 308967 906988 822067 943342 834701 386379
