100
276667 499392 78496 976168 206412 685442 766700 839511 343463 663645 877975 994931 589210 321643 46709 563068 98111 573097 352338 562905 189435 647754 855228 811641 214580 172705 423531 108560 919554 466403 963591 255784 905372 921149 221457 48934 609708 909386 918860 179277 351069 551483 799778 639257 357076 873982 340148 879800 620364 851075 743163 647877 536632 31700 355550 905497 462321 452923 860044 725208 515758 759672 740596 608867 771620 617907 40791 213554 204516 209345 647499 466631 471945 909335 512764 7022 773879 986357 122358 219989 199700 250059 213213 155125 86816 105833 880883 484385 508550 568545 978596 459230 86589 989764 725509 287447 442015 166097 820099 76689
0 964707 234215 269613 753273 21321 539895 448088 398815 719950 187909 551228 966167 112401 737840 292972 959933 65958 376311 60732 532904 818592 523039 782339 541960 115522 901013 720304 947348 487958 831287 831531 485231 266566 697499 761674 613448 90857 783122 462732 76133 578208 994955 239044 584037 250189 303174 871826 324790 29338 594319 717521 910132 19079 285639 543151 7874 325232 689787 589525 358684 735292 62253 534782 948068 581667 423237 414796 834275 365613 7944 43145 770201 363536 292653 947220 48271 544564 956683 243934 649106 336262 491430 387463 903322 546585 556015 778641 461702 484873 228321 94528 689539 232894 162861 187365 138208 851642 498887 797292
964707 0 649400 899671 664565 797588 986995 721731 973842 820063 738923 295246 897827 377477 144026 77404 68805 518640 691045 395644 67160 981941 840891 98901 963517 846555 589688 203164 820517 15682 313762 386597 810708 505393 354110 464192 833371 31439 222932 402883 157780 449667 508197 551515 338103 595579 537648 880703 527730 932099 969412 633368 726248 345662 526150 956743 203678 106436 789611 871145 876165 861865 635103 807484 762215 778671 307517 95733 927975 303177 413234 998693 551018 135658 607558 247718 490013 899555 936382 971277 316841 155684 214962 659833 847144 638829 680978 35873 4087 481716 511004 977591 117544 413900 958766 487270 779087 582527 920955 329926
234215 649400 0 54125 228444 864726 654921 894914 994 440665 630153 753318 251186 966350 896442 28875 654690 409863 830650 77602 56017 658078 636086 96051 774651 804591 666540 764389 322816 705945 403559 108523 908600 536517 310945 970680 72581 353970 987704 524038 970993 493214 767178 297900 847632 952540 580240 269591 890440 305796 874240 708916 396189 597241 382638 601475 979603 635832 916554 180235 361209 937588 626842 113682 710545 596291 941890 619595 990529 643123 496605 370252 840048 187135 691930 159084 314653 788250 145943 6331 110214 464656 489585 71775 989647 520431 369810 276145 25944 813209 178102 465893 831179 267102 547654 312895 186687 705359 986838 11940
269613 899671 54125 0 397526 135452 173149 839340 427853 50270 11729 984358 484461 217292 630399 407265 17578 543782 890088 541296 715038 682546 760661 912612 159264 863588 90183 888062 649456 954564 635849 568686 75701 495876 60721 507215 698117 545441 50721 245602 732261 221215 215564 899340 186126 701803 956267 944227 398395 453960 521696 181673 604997 569073 729615 759317 9218 384117 633554 280521 171392 175113 726615 71484 70963 900472 976804 237675 323989 852915 483573 728317 735771 118625 734949 631817 206381 554521 239814 890245 158608 618866 363492 415124 147993 200108 72177 840980 571901 200730 624980 54887 323079 349696 993635 965317 552349 40805 690000 228785
753273 664565 228444 397526 0 645165 96320 291711 130240 551425 70068 625111 88264 3209 958921 851539 110968 719302 771085 230220 543599 146067 393707 343296 645639 300294 556128 389491 58100 722969 346930 904863 381898 366333 606935 698968 371203 554794 71573 432783 454982 615631 778521 970564 632315 803806 55238 293579 715725 642215 394201 318156 763112 839960 595724 299082 790079 377654 882423 9840 52299 346950 70261 214371 878946 994281 448173 967802 968532 68063 921468 211085 923300 446524 164376 135328 129961 206304 272479 18501 361872 33499 151538 604373 270845 687648 102667 39004 863629 954289 486460 574319 911603 19408 337789 425587 402109 970768 909253 84698
21321 797588 864726 135452 645165 0 781917 724825 336305 375305 571587 179797 78275 633616 813730 932368 699812 710907 877496 668488 110452 601216 435328 812874 810304 458887 993269 855238 589897 555177 953137 871039 411654 359122 516134 253797 539936 47540 622932 627430 539715 148281 636609 339388 17743 476219 102578 552892 939801 813519 642730 678864 185482 237737 862791 12845 531162 887368 113233 647372 641339 260806 891871 924673 212412 98356 799505 757510 548592 540127 355257 283452 816449 404606 50011 500886 407350 995064 756658 291692 863399 42722 853143 283478 241346 775650 310070 157523 645433 902272 723067 274685 268329 474714 83482 216467 783639 576589 480883 829027
539895 986995 654921 173149 96320 781917 0 596004 522672 65752 52655 154798 323082 707639 295859 218387 412361 529329 181936 989208 664738 478432 548834 819348 9145 654674 583989 8504 139554 807216 434754 483426 557354 597760 848574 798663 801987 568302 181198 922916 400195 5335 279285 157294 203874 379709 552691 485867 961927 727724 742542 385118 238242 682525 58502 135156 416924 50364 870002 508296 246513 457043 214557 821904 567869 714736 626879 396843 668606 36336 435579 818135 857608 625536 41508 128151 810907 447764 901859 300233 32290 164543 428141 304491 921401 308820 743135 438914 259040 872032 381181 578645 599484 152675 655117 155061 102318 510230 684734 28128
448088 721731 894914 839340 291711 724825 596004 0 585081 831905 197879 195986 597521 250130 578173 795998 438969 742842 757664 211773 380303 717091 969660 602994 431122 704940 976992 981259 424378 532073 602985 267869 89131 770335 155515 942240 587425 130686 166221 395671 431102 790623 389863 731884 816667 219332 459234 468257 349489 691526 314928 690601 734000 350828 510045 783266 848889 478840 257815 844224 620329 948566 340491 617932 174994 258705 354542 619768 877788 192407 272859 211888 886453 366307 822048 379216 404518 956466 833779 629791 505971 680717 701165 123444 638721 979626 30187 529902 81760 272811 421693 998482 617279 432766 464855 865034 887066 205960 845183 457366
398815 973842 994 427853 130240 336305 522672 585081 0 93269 184281 607554 729550 445441 179785 209280 44347 883260 367347 885498 643665 789650 321992 75441 451485 656276 100140 539416 858232 30648 77966 37409 607934 230295 933242 827702 9502 587115 208403 129277 582099 450270 388322 362917 324827 18079 250367 542596 249813 684721 920699 656239 673 986599 464233 517119 454885 172809 157209 396647 295217 876416 567066 593964 441005 647568 993694 447508 386047 444708 49502 656832 748972 565143 252085 434055 729012 869675 146269 937393 489405 647531 355831 325793 814588 891758 918012 943585 169059 790089 285717 915921 351133 746603 431256 573591 194343 530062 796007 741986
719950 820063 440665 50270 551425 375305 65752 831905 93269 0 295351 969087 460857 402652 873689 979869 186479 46796 219201 295104 536368 313323 950782 541336 356395 169368 168480 883614 260781 696589 913531 49429 731013 441404 132311 158780 95820 319501 812650 270460 610354 178124 213199 983332 969025 517219 29523 858418 855257 210669 932963 425654 959302 369675 671068 716850 215800 51817 762579 936951 884355 877370 591751 44446 658741 715680 229902 449174 861464 273066 853596 824792 42338 771556 48923 936536 893609 211403 111366 784746 173968 651045 578145 982895 429331 808023 659244 662584 32006 75156 610288 718942 473882 108140 541210 485999 6062 505407 296409 378972
187909 738923 630153 11729 70068 571587 52655 197879 184281 295351 0 908276 921415 992499 156114 940565 795420 764043 358183 895155 909690 534004 963274 171939 548468 179074 224054 354392 393734 611324 374408 256720 472215 61561 601087 51440 703057 464582 305075 75554 46198 387441 150750 41994 787952 718307 416787 858240 674357 278058 218059 767769 408119 469215 659896 774055 136037 560153 257803 173537 981153 600953 933827 74984 200750 472699 183785 8157 793381 979351 297295 113594 490031 82099 113040 908576 468115 608903 248487 269219 306408 81080 221096 78899 511505 246537 355448 54150 884568 829531 276244 356653 609164 421528 362451 734868 174733 102000 774762 905664
551228 295246 753318 984358 625111 179797 154798 195986 607554 969087 908276 0 688424 628510 268483 435301 258080 787880 69549 6156 18411 882690 86215 398516 500109 176595 251407 563385 867723 244047 284444 449660 520774 479511 808020 448714 265829 541398 199135 104352 318867 122526 315119 857031 334132 969336 418445 115528 310761 302853 641806 972481 787486 573063 615145 169154 662424 642652 854306 401871 132117 784988 854199 501787 799701 617640 640980 499933 116305 779473 806705 169547 266074 321415 25160 484864 266729 840796 142548 627009 325041 380737 767591 730080 716923 80357 248500 611413 680921 699687 839748 153592 664265 49488 582858 289104 56508 383139 722931 734616
966167 897827 251186 484461 88264 78275 323082 597521 729550 460857 921415 688424 0 456612 483549 459375 76466 439681 510034 983451 148355 383409 238452 551175 782779 781810 909083 617535 997519 56000 596374 186111 14704 206327 786137 869105 971789 461527 859822 816042 120896 837046 57817 295625 50247 652200 387879 720844 565104 836667 670371 858880 698007 155305 38731 745389 760990 271976 746219 523134 78778 506349 700491 475246 31868 284051 48755 868256 986217 69909 304010 452805 204154 381682 324763 234020 166049 409373 450357 785551 444889 119796 725332 939359 98173 70379 769917 189672 815494 431780 638742 651416 233438 268688 828980 515569 970399 810999 182470 945947
112401 377477 966350 217292 3209 633616 707639 250130 445441 402652 992499 628510 456612 0 98568 518115 458027 191516 819200 557320 739502 692535 166329 435874 605174 666452 17868 145377 694174 43517 824335 128845 484627 430143 345645 876116 836000 536986 432949 706509 280714 193340 93551 525832 960102 931275 802111 384194 322661 178666 82855 915666 830960 509156 989035 704734 16892 535045 132527 540440 326132 505026 84568 577762 92171 34542 871387 785073 292313 711435 276336 50983 352894 578233 735451 919119 785963 877078 12550 585020 483483 67411 239270 264482 963820 588137 455912 510924 175846 561042 69055 775885 601054 923621 865178 23700 48298 368142 295662 654178
737840 144026 896442 630399 958921 813730 295859 578173 179785 873689 156114 268483 483549 98568 0 491077 257084 477725 746922 615191 393343 940679 707708 787317 602952 722786 781027 569237 140216 981034 295609 962904 947569 570351 810853 607835 396529 459871 803750 878956 253704 246358 14972 155282 543437 215343 804541 64301 218759 99543 984117 301206 147178 305198 384823 964630 642616 703424 458133 832387 163384 966138 998962 472935 14037 772697 671675 16314 539733 270938 878541 514366 928537 839541 679727 620542 190128 386014 696800 61548 589645 415616 348063 620429 887397 232773 175520 496633 857437 12515 376238 477669 118005 25611 566279 172967 569261 792309 794483 566855
292972 77404 28875 407265 851539 932368 218387 795998 209280 979869 940565 435301 459375 518115 491077 0 234495 696750 955803 84333 735411 521621 425867 962592 793127 938119 100383 307744 991450 174105 828038 565796 624115 90666 388417 916533 519964 196753 935610 97016 733317 470899 724893 453011 841830 92299 331826 186565 894580 917685 913923 935526 106327 259044 954946 427787 791713 772810 789464 401653 303501 408065 113529 475577 589423 312 947542 821261 113000 958165 269753 239389 270226 192012 995417 731801 577011 867256 281338 382925 645272 774694 663620 90623 190104 210992 936043 618751 639633 727464 189546 186609 537172 989647 696396 697161 327258 379938 604063 121425
959933 68805 654690 17578 110968 699812 412361 438969 44347 186479 795420 258080 76466 458027 257084 234495 0 302257 452545 35843 848607 343991 467304 723267 588458 490417 858652 741093 382251 379266 321545 858585 644455 781474 835487 19489 880213 510029 95522 6647 671769 206660 660388 725578 113891 526306 763942 232271 2267 851435 60550 427827 286883 661608 642865 853739 513947 657794 390455 731007 782689 749182 11490 157189 313090 7789 564450 78750 679425 750240 639994 783477 736318 426859 698648 558398 881437 642748 416745 637225 910462 590104 568571 577089 647986 961731 99893 285453 282154 537188 500490 267164 753801 275048 584592 461133 714748 117970 774457 196888
65958 518640 409863 543782 719302 710907 529329 742842 883260 46796 764043 787880 439681 191516 477725 696750 302257 0 122200 535688 547178 127944 521022 527616 382790 993748 867533 447313 908583 34263 630035 102020 9628 255097 684348 518933 608592 904367 465432 876981 290304 426045 568581 613224 760343 621781 215996 180931 154669 358072 138349 316129 401878 705349 65928 221859 394496 319081 335336 693607 94670 80569 666768 462859 526729 639697 388686 999940 136371 136555 421021 269452 569643 385860 841804 488016 694459 124392 387379 196347 63828 17457 549002 416245 666075 359425 553381 864444 300947 6662 291615 655049 176817 755728 527798 671615 667016 865719 830953 223861
376311 691045 830650 890088 771085 877496 181936 757664 367347 219201 358183 69549 510034 819200 746922 955803 452545 122200 0 635529 222298 121756 2008 763899 738723 397829 127178 340537 77010 787337 467596 138831 662996 43149 411032 952532 715745 52898 381872 261427 461766 355884 718942 952983 627762 27061 895578 468659 505711 857904 714343 392655 236187 976491 424703 324668 86347 537598 986039 400587 702814 579871 569593 153992 418686 964804 707537 971662 305989 126490 536984 844171 185341 823626 256833 443460 821596 137359 894486 932047 812482 545237 92461 234045 59738 253014 753798 845475 699023 978244 83592 809285 318955 989391 799773 682307 955819 830987 979792 72661
60732 395644 77602 541296 230220 668488 989208 211773 885498 295104 895155 6156 983451 557320 615191 84333 35843 535688 635529 0 919207 748896 436927 867131 178769 554193 229092 341566 263071 659822 138651 733566 459548 621573 791314 943750 463797 265717 348553 742141 480258 28402 623225 701451 954482 396402 300735 882243 1589 499909 61001 32035 388589 801239 110700 667049 657013 404571 642852 264786 154406 196876 847628 504675 468178 330930 129560 730603 590895 279252 677610 791339 828908 426206 58537 107941 806496 609824 186318 55725 856316 576796 150426 213695 356300 538712 833766 150635 580513 812798 762761 709546 769331 349326 879479 586477 847421 876638 137671 144141
532904 67160 56017 715038 543599 110452 664738 380303 643665 536368 909690 18411 148355 739502 393343 735411 848607 547178 222298 919207 0 331863 209002 974844 405008 523991 411854 625610 932648 818777 25451 856840 909513 142094 550701 64968 620417 130565 60425 684704 983679 782206 668639 542184 178612 201531 922176 713219 876375 913907 41978 148620 433636 844911 673855 652002 183635 641854 3081 151875 183490 814658 27215 309842 186110 57422 506582 424288 387673 340803 958920 414953 285031 540392 637911 207543 28600 512433 603527 918615 877385 787613 801103 356293 204705 497599 101434 987301 9458 275251 525126 470487 258536 101450 844565 796365 942469 469800 815412 791442
818592 981941 658078 682546 146067 601216 478432 717091 789650 313323 534004 882690 383409 692535 940679 521621 343991 127944 121756 748896 331863 0 826310 625775 232318 48490 374299 506300 929690 936595 971712 147113 759252 414470 475527 771215 139846 222571 574180 148954 952030 146649 459185 312276 397066 786231 422964 247442 402336 104771 967313 472911 170980 666993 773637 872436 616839 206337 940680 907667 862722 855953 98435 488838 267990 312205 36771 552834 576521 749071 916066 107305 433363 1292 699283 760342 22156 751422 663291 954925 769445 249734 932316 335200 944474 237356 279389 522729 961223 390581 522974 257138 266289 907589 17355 666761 863357 657207 790202 666336
523039 840891 636086 760661 393707 435328 548834 969660 321992 950782 963274 86215 238452 166329 707708 425867 467304 521022 2008 436927 209002 826310 0 254022 870111 617542 839841 41723 477927 463884 86036 367879 206949 284156 960998 681264 536979 640250 610778 439681 3175 12595 606652 2309 618199 219382 461541 267595 591400 274842 783692 120704 800705 574905 910722 832986 495417 346300 797352 845004 270294 884846 919562 1372 39275 633842 62361 586484 330965 364682 793028 453450 853255 553912 907571 705710 580684 330534 285068 84458 615209 999310 186039 842302 65159 416559 40663 721930 460923 752251 981496 576090 155512 901646 323929 227046 636132 835324 366162 263054
782339 98901 96051 912612 343296 812874 819348 602994 75441 541336 171939 398516 551175 435874 787317 962592 723267 527616 763899 867131 974844 625775 254022 0 152267 169903 201168 706987 714789 435096 737454 863499 134719 330081 662518 463887 93627 119422 84355 224026 933423 294897 856605 224828 498873 328211 337108 64083 492264 692940 664957 650562 798596 852406 979474 330390 437973 534979 746059 104351 740795 694058 634836 869907 583690 242806 512290 672454 157512 795473 70207 379347 77954 470545 420281 924025 817458 382769 546823 897463 502653 459468 637106 637219 740602 926133 924549 292777 652186 688669 998516 888126 867912 814127 528083 662544 281742 613929 519486 875039
541960 963517 774651 159264 645639 810304 9145 431122 451485 356395 548468 500109 782779 605174 602952 793127 588458 382790 738723 178769 405008 232318 870111 152267 0 121166 487817 46838 851900 724158 194650 446224 471105 709416 465689 427245 890658 393086 487158 922974 207739 879449 245944 565521 181711 421066 100440 408406 546078 537895 462927 283154 721928 714847 189165 842248 51149 948188 89777 74314 578857 778887 976485 910002 472930 752523 490666 500954 655699 842136 658748 354758 170361 392290 596774 795899 349885 655408 451473 916637 133653 402344 458659 505100 559240 843184 884164 776950 212533 60737 597403 850707 796020 727499 962924 724970 701690 564731 516917 133106
115522 846555 804591 863588 300294 458887 654674 704940 656276 169368 179074 176595 781810 666452 722786 938119 490417 993748 397829 554193 523991 48490 617542 169903 121166 0 823723 380401 255860 676056 855556 931160 245441 228959 12365 941917 338750 427226 270436 577126 37137 980737 59609 946581 276230 795874 860963 457940 969934 436403 442594 402901 465471 202526 645677 946121 269245 329844 561112 738943 180019 406545 531191 766698 165218 861156 266629 508514 827453 502038 566196 264147 523467 949852 8967 741282 902117 579863 32410 572114 957081 97546 17040 798315 276401 661350 65607 406232 851553 559256 230818 481012 795697 677796 335184 110545 61629 960750 84949 896144
901013 589688 666540 90183 556128 993269 583989 976992 100140 168480 224054 251407 909083 17868 781027 100383 858652 867533 127178 229092 411854 374299 839841 201168 487817 823723 0 523091 197042 488364 231352 17125 727472 531043 388450 746075 79122 556525 874248 73270 679760 693511 245859 395870 775410 37737 139091 949343 728948 460617 311492 358867 910529 782408 80284 440939 419384 438497 205538 959115 317016 847319 198400 702002 211481 942615 95777 340459 541330 433864 730153 497069 410719 450627 159723 466666 737233 714285 225844 245835 18840 513017 865930 240385 479397 723095 331814 131370 560452 341118 273723 494287 273196 726516 523324 598939 921918 625010 214716 99071
720304 203164 764389 888062 389491 855238 8504 981259 539416 883614 354392 563385 617535 145377 569237 307744 741093 447313 340537 341566 625610 506300 41723 706987 46838 380401 523091 0 101706 581914 951649 107693 552043 484659 465355 878579 792818 365246 703399 53779 607789 70969 275528 785606 495452 539003 153279 925461 926369 697716 508043 342128 325966 533202 482926 453503 79559 779897 25093 652585 270228 660848 581814 197622 824809 604918 258914 143495 683999 419204 946907 512783 91046 304496 82816 747610 419206 226059 663067 743394 804958 255001 958059 570912 744824 343151 127717 567616 227150 831519 442841 475643 553469 947321 524392 468245 369233 673582 692843 845273
947348 820517 322816 649456 58100 589897 139554 424378 858232 260781 393734 867723 997519 694174 140216 991450 382251 908583 77010 263071 932648 929690 477927 714789 851900 255860 197042 101706 0 536801 789956 376773 10150 709778 362125 361896 419630 82325 524262 803293 217077 600114 497436 520057 150975 830128 934553 405070 496208 892011 329077 795079 553668 62639 965778 41 325941 857721 441012 882371 51795 854747 217090 645887 684275 777122 661137 583901 69666 22770 665316 917516 201126 61167 325388 944192 123242 619817 696545 51890 571315 138292 363945 193057 803997 520168 726823 510444 791875 812281 624473 33099 339635 2260 993738 121709 594336 335877 241821 345764
487958 15682 705945 954564 722969 555177 807216 532073 30648 696589 611324 244047 56000 43517 981034 174105 379266 34263 787337 659822 818777 936595 463884 435096 724158 676056 488364 581914 536801 0 801958 526598 600502 363153 473300 315927 263384 129355 256222 803829 512361 581948 210054 645118 819252 211923 502934 367301 877155 225484 461348 867212 335042 662763 719680 661588 431937 553601 919360 340665 507505 49664 459176 605440 277052 107208 104631 278607 425158 674187 367836 205953 728004 363452 282764 452798 122867 193505 982037 626591 312734 859040 730203 330961 180337 474348 530819 928441 745076 75357 504007 827199 957727 11220 488617 133874 890223 821940 522722 141990
831287 313762 403559 635849 346930 953137 434754 602985 77966 913531 374408 284444 596374 824335 295609 828038 321545 630035 467596 138651 25451 971712 86036 737454 194650 855556 231352 951649 789956 801958 0 212528 951105 972028 111661 958235 797010 21693 302315 380565 292017 594346 778898 382368 433104 416708 970695 207146 418754 717382 589921 46334 758500 46641 394541 431643 465964 216055 917520 444340 580584 355157 266020 56330 904591 340897 99210 904653 925838 497900 976021 638928 397409 353459 666198 568548 206416 988050 731932 704078 433058 971726 546015 867508 311302 547231 667197 52055 486330 209982 204505 858378 472814 548187 598990 240758 726272 761548 3079 842461
831531 386597 108523 568686 904863 871039 483426 267869 37409 49429 256720 449660 186111 128845 962904 565796 858585 102020 138831 733566 856840 147113 367879 863499 446224 931160 17125 107693 376773 526598 212528 0 616577 847202 754870 395310 997971 142848 33919 487659 642068 100716 713088 787422 32187 107141 981930 967288 311106 335568 848434 14248 172395 56982 846439 416699 599309 150810 213791 788898 786406 506703 103227 399310 452034 94060 393046 749631 841561 588874 348923 637747 891780 541442 675653 182233 707289 29751 296834 573446 641599 767610 326417 600735 424394 916231 655035 254322 177433 371391 505720 45411 197127 399488 864417 402277 526444 619575 759975 656855
485231 810708 908600 75701 381898 411654 557354 89131 607934 731013 472215 520774 14704 484627 947569 624115 644455 9628 662996 459548 909513 759252 206949 134719 471105 245441 727472 552043 10150 600502 951105 616577 0 665920 971042 10128 173226 335414 982879 170057 591729 681544 779637 89932 421181 72155 481926 80546 726455 466389 205783 445091 405909 673950 201694 190914 331631 130853 989325 769046 800065 462077 794191 58094 407114 426707 465218 304239 794653 543982 45375 334591 371745 591036 552987 986730 487367 542840 388777 143089 836516 498051 498363 92687 434356 21213 650613 490827 932781 409448 439286 823282 321190 881806 770242 275728 996963 152760 15748 750664
266566 505393 536517 495876 366333 359122 597760 770335 230295 441404 61561 479511 206327 430143 570351 90666 781474 255097 43149 621573 142094 414470 284156 330081 709416 228959 531043 484659 709778 363153 972028 847202 665920 0 744568 758821 382867 946311 589548 980344 505540 630906 471516 620807 179353 651839 448869 258230 576124 854899 68653 559161 540170 939414 937259 117582 807599 764068 55083 410784 76867 282906 480079 555801 173715 633574 782141 867532 992928 745339 761397 695078 420825 983563 634793 660204 373092 903087 296935 521386 754225 702527 564999 164908 611549 332426 902461 791046 279392 315926 737858 274081 440439 280928 683631 259174 664480 865576 495888 850085
697499 354110 310945 60721 606935 516134 848574 155515 933242 132311 601087 808020 786137 345645 810853 388417 835487 684348 411032 791314 550701 475527 960998 662518 465689 12365 388450 465355 362125 473300 111661 754870 971042 744568 0 92259 32526 949160 597743 438395 587952 163101 389057 559204 735082 642510 82979 613006 47493 177568 397159 887419 621537 922902 389459 970352 280972 339731 610929 879648 684183 767532 207501 797273 47605 810501 170393 429427 363099 924548 488622 977418 784845 744239 894176 720136 853642 163399 711766 555449 156821 849472 633844 507146 727491 562565 222187 382359 70276 754432 800540 353608 590127 48233 562713 782178 116601 598773 143910 24782
761674 464192 970680 507215 698968 253797 798663 942240 827702 158780 51440 448714 869105 876116 607835 916533 19489 518933 952532 943750 64968 771215 681264 463887 427245 941917 746075 878579 361896 315927 958235 395310 10128 758821 92259 0 50080 339885 82079 648541 550238 696940 78108 928106 450592 715873 732557 122854 271137 465101 228560 952618 18201 321489 717298 919307 982810 455166 934380 186366 420501 235557 490157 698803 423527 843799 47868 572691 345898 421827 242248 988547 542800 188779 717539 137832 33134 890729 319922 129722 446374 697583 833917 330679 193648 648632 914448 820157 321127 74324 200506 144269 577576 749694 939039 448321 948709 747300 104410 200914
613448 833371 72581 698117 371203 539936 801987 587425 9502 95820 703057 265829 971789 836000 396529 519964 880213 608592 715745 463797 620417 139846 536979 93627 890658 338750 79122 792818 419630 263384 797010 997971 173226 382867 32526 50080 0 900283 243283 278901 767310 409359 688829 487196 194940 367043 253300 644737 709517 560461 750018 289840 44382 310861 930306 605401 785420 19403 350080 542865 203492 888055 146343 889906 144109 512905 236779 665765 860145 872689 299329 296448 377779 647565 202921 283679 765407 36869 559253 619081 632414 124030 240631 434575 849586 551488 168370 547717 301034 910300 235258 150481 988913 149989 426079 223022 655766 798810 457881 625451
90857 31439 353970 545441 554794 47540 568302 130686 587115 319501 464582 541398 461527 536986 459871 196753 510029 904367 52898 265717 130565 222571 640250 119422 393086 427226 556525 365246 82325 129355 21693 142848 335414 946311 949160 339885 900283 0 413138 571588 76875 840795 490516 851187 489520 1398 62425 24213 365607 276921 135255 180092 934710 36565 277564 221871 421008 317157 493223 807782 357652 263739 508062 710144 103366 272355 355510 330120 12462 504281 820635 147121 244160 405369 668003 713141 587085 921750 807880 618879 799757 554312 98439 704009 720886 150639 569803 740959 948563 25237 89809 991535 520523 527799 780427 372157 819495 639496 559488 151913
783122 222932 987704 50721 71573 622932 181198 166221 208403 812650 305075 199135 859822 432949 803750 935610 95522 465432 381872 348553 60425 574180 610778 84355 487158 270436 874248 703399 524262 256222 302315 33919 982879 589548 597743 82079 243283 413138 0 795168 478686 961120 574909 166208 408854 732172 201750 146951 540361 769855 246276 48809 839477 707755 776907 982759 845530 50101 583250 386478 988773 673734 783576 368934 60126 13997 142073 163019 453303 892431 411074 286157 623916 231616 391417 769662 168113 667501 158133 698719 167840 423141 898011 818887 624188 283292 316274 211826 278595 580625 62441 255675 189026 699429 470055 411069 706138 403426 632246 486927
462732 402883 524038 245602 432783 627430 922916 395671 129277 270460 75554 104352 816042 706509 878956 97016 6647 876981 261427 742141 684704 148954 439681 224026 922974 577126 73270 53779 803293 803829 380565 487659 170057 980344 438395 648541 278901 571588 795168 0 891436 359300 408702 161967 67736 70267 69063 892704 892938 904793 441849 221039 549327 464323 574713 354510 619104 956538 89463 767946 430306 828655 607406 90854 603724 383909 629489 798588 966486 616839 987038 697367 581927 628066 784491 78013 330247 832753 124194 352172 531673 755163 210769 563191 741812 821533 354096 474085 387603 510952 386027 328763 736224 559866 973824 752009 292709 551504 788522 187874
76133 157780 970993 732261 454982 539715 400195 431102 582099 610354 46198 318867 120896 280714 253704 733317 671769 290304 461766 480258 983679 952030 3175 933423 207739 37137 679760 607789 217077 512361 292017 642068 591729 505540 587952 550238 767310 76875 478686 891436 0 642543 437805 71658 344094 144077 266048 772039 63539 469448 495036 637559 75729 610374 594710 159245 861977 137399 117935 722931 997673 37156 276156 799509 345851 656519 660448 488913 451726 773264 539905 860564 772564 972313 23048 105250 510459 279306 388116 176888 583729 341477 913259 92432 686771 9506 636906 209438 960668 716258 260489 141667 661927 839235 515718 600116 336168 386733 868164 839753
578208 449667 493214 221215 615631 148281 5335 790623 450270 178124 387441 122526 837046 193340 246358 470899 206660 426045 355884 28402 782206 146649 12595 294897 879449 980737 693511 70969 600114 581948 594346 100716 681544 630906 163101 696940 409359 840795 961120 359300 642543 0 704669 650976 389359 878818 111669 540381 330802 42762 980061 432179 59387 497630 180810 528911 232642 619569 649925 548513 256076 32864 833441 172799 867620 500002 358741 323268 516770 758678 425456 744065 108386 887323 677185 212718 246193 370579 314727 509327 870041 889714 847092 286966 884647 41360 604132 937965 456713 336991 140496 382607 906808 413957 62778 791974 717994 872324 554561 489282
994955 508197 767178 215564 778521 636609 279285 389863 388322 213199 150750 315119 57817 93551 14972 724893 660388 568581 718942 623225 668639 459185 606652 856605 245944 59609 245859 275528 497436 210054 778898 713088 779637 471516 389057 78108 688829 490516 574909 408702 437805 704669 0 2710 836616 318161 941919 299178 124173 573889 317750 402246 891837 555015 46113 286820 529942 594489 87614 727147 766910 45941 761203 298416 792652 620461 488819 18503 621046 573466 609731 984848 783240 779151 675918 988850 502661 836767 680941 647758 582213 562931 971619 326472 678795 288195 150947 862565 139046 716439 394370 440574 22080 578796 648674 453174 696550 418632 375104 864594
239044 551515 297900 899340 970564 339388 157294 731884 362917 983332 41994 857031 295625 525832 155282 453011 725578 613224 952983 701451 542184 312276 2309 224828 565521 946581 395870 785606 520057 645118 382368 787422 89932 620807 559204 928106 487196 851187 166208 161967 71658 650976 2710 0 474124 616221 396797 921463 671879 401384 565716 696826 499679 666067 962691 209409 901802 231637 932712 682646 265853 902118 42442 49779 393193 583894 470109 306897 195534 338493 68565 810853 556420 503345 546783 190088 171450 605013 954557 63609 300011 677907 349822 557806 862832 500710 475886 884032 954594 432230 523709 432948 991811 573723 861202 578643 292472 916308 521176 510003
584037 338103 847632 186126 632315 17743 203874 816667 324827 969025 787952 334132 50247 960102 543437 841830 113891 760343 627762 954482 178612 397066 618199 498873 181711 276230 775410 495452 150975 819252 433104 32187 421181 179353 735082 450592 194940 489520 408854 67736 344094 389359 836616 474124 0 144276 934487 572368 600532 970387 900136 65217 534728 772025 615722 740823 690090 456148 670898 68089 178907 495695 850688 914919 880084 760019 265249 598843 15272 344154 509646 987597 150543 458747 756052 646058 375053 355031 573988 109532 201890 28865 969121 270910 546152 504053 736108 908560 382806 994704 488447 649487 328383 571362 955565 544389 555119 703835 902583 630648
250189 595579 952540 701803 803806 476219 379709 219332 18079 517219 718307 969336 652200 931275 215343 92299 526306 621781 27061 396402 201531 786231 219382 328211 421066 795874 37737 539003 830128 211923 416708 107141 72155 651839 642510 715873 367043 1398 732172 70267 144077 878818 318161 616221 144276 0 830645 269148 815234 989742 84400 673520 81318 894613 761859 773797 379749 949954 409428 841787 385525 541306 252050 619284 891769 737542 681357 65397 320496 35581 151043 725509 663731 77133 727330 444087 288133 567768 891600 508467 332082 767515 472617 714777 871979 342670 958553 744525 552913 944741 193527 904579 954289 877396 357799 634075 983616 823087 808218 977437
303174 537648 580240 956267 55238 102578 552691 459234 250367 29523 416787 418445 387879 802111 804541 331826 763942 215996 895578 300735 922176 422964 461541 337108 100440 860963 139091 153279 934553 502934 970695 981930 481926 448869 82979 732557 253300 62425 201750 69063 266048 111669 941919 396797 934487 830645 0 834296 698955 139806 729044 227237 548194 234666 973513 809228 96546 663280 523088 942213 419059 945798 528216 870201 547234 743077 195067 3784 435815 519983 57820 799432 247960 979656 182274 664060 535983 754988 200010 226752 840223 995713 994489 260024 366578 398110 42569 939503 496735 703935 603340 946671 924264 140444 923548 859171 19141 866547 643164 711660
871826 880703 269591 944227 293579 552892 485867 468257 542596 858418 858240 115528 720844 384194 64301 186565 232271 180931 468659 882243 713219 247442 267595 64083 408406 457940 949343 925461 405070 367301 207146 967288 80546 258230 613006 122854 644737 24213 146951 892704 772039 540381 299178 921463 572368 269148 834296 0 126392 983945 68882 303547 719065 555070 335399 100208 655427 675930 367767 221946 846858 270527 247168 634249 60206 142985 340773 519422 70729 868552 577748 2126 681733 925646 161807 144175 523808 22880 398223 841312 442237 872310 128008 449173 177230 91386 117838 682830 755897 439581 325633 912370 851279 361485 863011 930319 511437 817682 790187 399918
324790 527730 890440 398395 715725 939801 961927 349489 249813 855257 674357 310761 565104 322661 218759 894580 2267 154669 505711 1589 876375 402336 591400 492264 546078 969934 728948 926369 496208 877155 418754 311106 726455 576124 47493 271137 709517 365607 540361 892938 63539 330802 124173 671879 600532 815234 698955 126392 0 980296 152647 848579 572534 570682 434161 325571 846385 40355 696782 676217 879802 145875 11417 521996 393163 988532 27256 792180 371375 200325 954533 890371 512576 437528 721397 372143 160206 915950 666485 589626 163645 309824 480517 165719 13823 712408 461851 846165 829564 965319 933159 168609 679692 887741 804357 509048 463098 630630 921464 512551
29338 932099 305796 453960 642215 813519 727724 691526 684721 210669 278058 302853 836667 178666 99543 917685 851435 358072 857904 499909 913907 104771 274842 692940 537895 436403 460617 697716 892011 225484 717382 335568 466389 854899 177568 465101 560461 276921 769855 904793 469448 42762 573889 401384 970387 989742 139806 983945 980296 0 169749 345627 616050 659449 768078 215370 655061 105206 289039 640377 612918 157089 404345 835064 563111 642456 293979 922088 752642 241969 808708 412044 210068 803991 731883 823593 832557 569981 52234 392336 315643 812188 993159 577057 918494 984545 659481 419239 339981 525547 561319 990186 832189 425091 431283 593051 7883 55043 631099 158830
594319 969412 874240 521696 394201 642730 742542 314928 920699 932963 218059 641806 670371 82855 984117 913923 60550 138349 714343 61001 41978 967313 783692 664957 462927 442594 311492 508043 329077 461348 589921 848434 205783 68653 397159 228560 750018 135255 246276 441849 495036 980061 317750 565716 900136 84400 729044 68882 152647 169749 0 323625 789965 985201 895959 396572 288484 97007 702960 352318 702291 451359 704563 78331 115797 43139 153523 563923 459448 941349 107208 733690 93410 174809 932376 563295 477947 614746 387474 71719 129928 939775 523863 952176 206708 643542 215110 291467 998478 367123 460597 164653 112455 216849 531248 916383 559530 519611 848248 106580
717521 633368 708916 181673 318156 678864 385118 690601 656239 425654 767769 972481 858880 915666 301206 935526 427827 316129 392655 32035 148620 472911 120704 650562 283154 402901 358867 342128 795079 867212 46334 14248 445091 559161 887419 952618 289840 180092 48809 221039 637559 432179 402246 696826 65217 673520 227237 303547 848579 345627 323625 0 360870 964336 767426 146648 999216 948722 941379 382901 241381 774025 9327 363685 716748 696568 480151 48392 346162 486053 805490 840956 800635 608710 109191 429955 943885 890692 530789 556194 115943 360401 205416 426149 388509 850374 739084 920728 448907 4997 643540 923851 412611 83005 344345 664882 950085 993046 78311 656200
910132 726248 396189 604997 763112 185482 238242 734000 673 959302 408119 787486 698007 830960 147178 106327 286883 401878 236187 388589 433636 170980 800705 798596 721928 465471 910529 325966 553668 335042 758500 172395 405909 540170 621537 18201 44382 934710 839477 549327 75729 59387 891837 499679 534728 81318 548194 719065 572534 616050 789965 360870 0 273894 782994 406787 97424 687697 512248 443354 855591 494738 715922 207888 248454 554900 4721 42738 860016 164335 519938 893147 980806 457483 225081 872767 147553 377969 201742 884854 703173 843617 488050 775739 45330 450388 275982 368300 514545 861422 618559 538764 336242 800653 127946 987874 506408 124162 900537 299367
19079 345662 597241 569073 839960 237737 682525 350828 986599 369675 469215 573063 155305 509156 305198 259044 661608 705349 976491 801239 844911 666993 574905 852406 714847 202526 782408 533202 62639 662763 46641 56982 673950 939414 922902 321489 310861 36565 707755 464323 610374 497630 555015 666067 772025 894613 234666 555070 570682 659449 985201 964336 273894 0 697962 922347 844144 405579 727612 466054 617404 565902 968820 794549 537004 353871 583044 593532 512143 723836 411313 565971 360938 695503 566137 373595 796963 616848 247758 587762 232523 251400 158725 592858 378544 393657 457184 294042 949297 258265 507767 812505 546074 675710 246907 495946 442350 909334 587320 101300
285639 526150 382638 729615 595724 862791 58502 510045 464233 671068 659896 615145 38731 989035 384823 954946 642865 65928 424703 110700 673855 773637 910722 979474 189165 645677 80284 482926 965778 719680 394541 846439 201694 937259 389459 717298 930306 277564 776907 574713 594710 180810 46113 962691 615722 761859 973513 335399 434161 768078 895959 767426 782994 697962 0 270525 2114 556046 18672 464802 373802 425146 297184 255035 83194 68520 961909 115414 600608 598649 367895 391544 277006 319322 858705 458271 525905 823967 472689 350735 503140 548058 658496 8969 573881 200667 932069 574729 715993 779043 396995 971239 424704 248960 491418 822093 679494 948518 19524 375692
543151 956743 601475 759317 299082 12845 135156 783266 517119 716850 774055 169154 745389 704734 964630 427787 853739 221859 324668 667049 652002 872436 832986 330390 842248 946121 440939 453503 41 661588 431643 416699 190914 117582 970352 919307 605401 221871 982759 354510 159245 528911 286820 209409 740823 773797 809228 100208 325571 215370 396572 146648 406787 922347 270525 0 4733 906446 298605 428502 499307 735860 114253 310732 708853 101244 576530 667161 777794 829834 449514 125308 734304 880120 630759 806606 599575 910406 180453 800708 998656 556525 511846 444882 750232 727040 997558 529175 114560 667585 825310 42589 727731 106286 508776 200046 416886 887134 702528 381131
7874 203678 979603 9218 790079 531162 416924 848889 454885 215800 136037 662424 760990 16892 642616 791713 513947 394496 86347 657013 183635 616839 495417 437973 51149 269245 419384 79559 325941 431937 465964 599309 331631 807599 280972 982810 785420 421008 845530 619104 861977 232642 529942 901802 690090 379749 96546 655427 846385 655061 288484 999216 97424 844144 2114 4733 0 676628 47044 723646 365109 970684 685596 423075 675191 386334 513769 894803 361970 387229 806614 40289 743898 656078 574436 188366 533369 157659 843882 779287 877374 705436 345187 38222 270336 354358 528066 392629 831866 231193 230913 915461 717065 930626 142729 582053 967186 747191 111639 296074
