100
402776 898595 773891 635184 517912 7079 739641 92166 236058 90765 40284 969650 917052 769291 121902 480032 96666 469063 300732 987057 145738 921726 676055 467044 589605 796021 919730 959028 164559 94236 377746 252969 781228 873610 972638 461287 998716 743309 37865 996562 728418 545753 572943 749905 212703 257366 221915 512254 723640 952283 813370 252574 310248 548016 729980 185263 256853 986050 998279 38425 82786 438738 543859 163456 609959 740265 312705 488904 469882 75670 747742 215284 591542 938452 198513 861158 4385 930302 161325 252259 638952 68242 917267 88908 581375 878991 262545 794865 751512 387889 989747 818285 571173 479233 403469 4453 309736 50608 104749 592337
0 175014 323614 431498 815994 508933 992111 655690 859143 950884 175634 976908 173097 894492 939904 744071 68085 216181 247895 509062 806533 333 651876 706443 114104 379216 544850 809051 831121 745049 259472 423195 145442 256568 878731 619858 798236 811795 707638 671130 678326 817937 662955 89041 908824 797120 949327 632176 489922 579814 166559 328750 206113 688701 634034 225206 746769 964415 189729 83907 612863 7045 104518 70760 616212 848279 575733 370491 367659 799819 481690 525013 438112 774166 326098 863205 394158 436731 841445 859473 743697 222772 413742 159502 12456 119529 914998 700899 557494 817164 202767 599192 643109 887656 433123 841252 636071 200272 747761 500246
175014 0 786639 275637 498230 172213 404882 372763 820657 911882 484660 399255 163717 919711 10417 156318 767976 899793 898239 503579 828826 133656 874094 972815 283754 675227 327342 265628 349136 975007 964128 582180 218013 620024 77133 395251 222886 661325 514115 439687 829271 439793 77137 604262 533059 238726 138009 26620 300958 195341 751034 71500 122245 46817 330721 343769 289887 425820 915483 220441 11693 60619 850535 866305 744045 443092 697464 320020 474888 511587 957484 569335 364557 186494 372064 685086 27237 381996 442384 67586 581876 211020 556997 406693 743608 707853 584099 779285 175652 427121 130395 21005 746637 235476 830578 424168 802000 179345 867251 339197
323614 786639 0 965298 477583 91305 702549 183052 663076 167070 902304 295538 373179 19101 890477 986012 677546 172806 149404 87639 454399 448195 144549 299077 68174 215904 346258 711486 968 747094 930501 308722 943796 133680 895752 481337 829292 659207 430829 712809 137848 81740 952572 390458 742276 540051 460884 270617 133420 144975 240617 277741 921422 836980 71346 661330 726076 530964 755603 348019 269894 560366 503115 392145 543276 506136 848756 567977 74616 740932 494590 547059 82445 940665 83842 507619 781417 459940 375719 105355 131358 68161 21506 462935 571022 53883 967267 212667 700871 420431 917569 890839 689702 65459 439665 411359 596944 784130 912370 509416
431498 275637 965298 0 962778 385814 737038 197627 227569 405477 576857 578081 460988 806979 17117 551628 140463 784239 558630 278290 211990 373298 309472 537497 19616 142361 670662 677258 930143 128675 24998 873909 352973 123208 980258 688567 190348 691392 670109 215552 226975 201582 816184 717215 827626 148054 531008 485466 448471 714373 425594 187003 496151 336680 753807 858723 508130 689951 928061 588639 700877 567966 656584 549492 537836 42152 844168 107004 875508 617026 451154 333182 827777 608198 749015 839334 89002 417971 966966 263137 197043 142057 934221 366529 392113 598124 333319 918203 307074 554521 983732 324373 825188 688654 241662 736136 148445 829155 267455 871512
815994 498230 477583 962778 0 54830 45034 581366 528421 462913 301638 176474 473982 248984 6225 262395 449484 394877 931947 909825 997664 249609 372682 500399 90479 709065 793911 360477 428829 907573 711396 501147 883809 312096 448046 874956 578385 152654 14073 242972 913187 392756 455620 322179 209610 647737 663523 476669 722835 644829 310190 436430 147824 74718 49940 897890 821005 897358 974416 217835 447827 677551 814018 169764 695991 216691 183482 480317 782058 557373 731406 122460 728395 501995 130524 835402 180153 738095 424003 879550 932000 318510 890601 852887 349746 169131 49351 523428 141482 574391 783504 566881 545811 373171 347001 167985 908266 564078 837319 332968
508933 172213 91305 385814 54830 0 498175 151526 896181 924957 484615 85769 300078 707008 256350 499917 648651 90017 740346 403729 659880 607353 653116 965744 897853 322071 622071 50645 543620 77029 410945 457964 285356 965808 787510 948148 650811 469940 219591 910077 305196 778387 196814 565750 885932 887993 191750 393671 675247 908141 136289 36363 647242 440917 118894 618585 287345 678939 470699 785788 603075 218115 127046 788565 350570 993919 240014 141396 237402 18036 979311 791627 883574 600268 594436 362650 141911 358619 444745 638073 89994 873328 619878 241402 292749 391535 837825 466 120645 169563 745763 89045 889254 758773 129573 285196 495860 530500 656535 292396
992111 404882 702549 737038 45034 498175 0 964229 509105 688060 385145 484624 850955 297346 425025 834895 729432 278240 997902 56534 105451 47723 773168 818605 922341 129005 764962 234367 84079 309487 177942 861012 776722 704090 997031 13936 190128 428560 618025 674282 971577 545879 536554 405814 732026 529898 258892 918147 583697 946196 524572 147939 215514 336157 926143 463517 616735 443388 319205 586877 511993 834525 928976 227942 914148 458393 312831 67421 646313 873154 797093 681815 182960 708605 217941 825406 182210 986726 342907 852300 651009 68626 895000 503079 44018 826110 267189 741794 970452 12308 6545 512228 996497 749937 23142 204598 313825 796570 167483 515003
655690 372763 183052 197627 581366 151526 964229 0 375792 402695 355900 887155 338483 415527 482405 306967 283172 346269 70954 591646 830772 488033 733509 628817 620983 250383 300236 953239 848877 562615 492860 117767 799618 691823 482200 675632 630799 252883 45116 856553 691695 285705 889885 361212 954513 886463 976441 513191 340268 984414 362252 826610 145412 213637 186850 55536 383990 664086 210693 129375 424920 168122 999420 43559 312309 560320 271397 471456 869010 313811 291048 576477 719677 120261 924187 620742 123766 250447 12246 814894 476899 412976 627448 981893 671825 359583 320982 166547 609199 790494 460447 290496 86592 60074 245109 688270 2724 736604 941876 849022
859143 820657 663076 227569 528421 896181 509105 375792 0 857349 740067 284483 5148 375776 351500 78463 281569 880656 919359 979983 75633 197380 794558 357904 472254 135702 142163 988801 137901 364428 204939 150750 92359 552168 643283 742100 146750 186590 396819 717346 900797 343036 970645 36376 683870 886134 660995 693503 244576 422384 273938 229239 747232 576195 605858 764415 294767 548342 446050 22653 500518 135380 355163 614952 896138 353618 248131 344899 648673 903758 436479 248291 387657 966071 488941 825497 333378 63554 256046 51505 47839 760730 737270 689823 745853 948667 420648 569514 593512 215467 819759 979387 140249 219316 723890 747357 475531 28147 207069 354578
950884 911882 167070 405477 462913 924957 688060 402695 857349 0 735011 995873 44272 131291 535544 773626 774055 114174 302408 460935 291996 589292 64159 927111 719575 782867 507 801020 553459 954877 225209 428769 304023 357885 170704 447385 170044 768622 90946 638449 840890 784385 753539 218100 17048 8802 380567 821362 741719 488597 523708 88984 552082 145261 667437 324420 613770 676110 412178 64900 815337 668384 625289 238632 112363 208818 822515 301498 27528 349046 139046 402841 715252 241923 868322 569330 581139 891863 440347 847130 172489 814544 442677 127403 400919 495584 63727 752783 618097 382279 611204 697054 568127 893018 620460 55916 831147 354935 103956 546582
175634 484660 902304 576857 301638 484615 385145 355900 740067 735011 0 570527 995102 421734 69691 525345 497792 46301 825187 997004 979067 998107 563845 19835 712776 847751 754397 386844 518125 851856 239776 322954 194166 663465 51167 390651 644218 282088 50860 803166 114941 333434 719911 310292 311796 690144 155768 779099 591596 79320 418048 118985 998954 333646 246821 601221 740494 54538 598774 860339 439298 663889 454789 144824 259881 594762 939146 858113 178398 25014 283652 823106 691577 589211 418367 84944 442488 259278 128647 629428 307503 315847 851610 423650 745920 158213 709804 400573 464739 23081 968713 954176 103575 691382 353414 2207 543462 436949 17300 451723
976908 399255 295538 578081 176474 85769 484624 887155 284483 995873 570527 0 435323 895529 397378 358204 737639 840796 693494 764054 965286 754371 557743 271714 851726 402259 162304 947881 443621 172286 312639 833350 883110 19791 145081 743054 477891 226114 876932 737990 731732 213005 186829 113011 599059 289307 298517 544312 734115 480465 87764 741994 913756 30350 269167 99746 801008 450152 554370 378410 580724 805255 716287 794434 665744 753898 772576 701782 680744 858434 76310 165752 624050 343468 383214 938836 180829 578544 832969 838083 579390 331878 665999 941890 981560 587777 446344 877322 505388 505540 573488 418240 397838 547253 5315 225054 806614 77786 825531 23253
173097 163717 373179 460988 473982 300078 850955 338483 5148 44272 995102 435323 0 112919 463862 477386 958108 655744 590227 611957 791886 552176 643850 530106 631006 502118 753015 181821 102665 227399 104996 319040 624723 432087 283284 732095 46455 563636 254592 600539 880459 430060 100837 854096 697943 566474 349653 436312 62095 778515 619822 412693 110543 348994 158653 826583 90632 84449 52256 300431 111682 421094 804147 883004 324222 33607 940328 896828 1671 810046 573568 819583 538028 818369 704668 572544 100092 731409 430565 809796 745425 501812 337026 435276 726138 130381 776043 769172 562016 331862 401894 25151 340394 196615 126568 47817 334268 621283 560040 154855
894492 919711 19101 806979 248984 707008 297346 415527 375776 131291 421734 895529 112919 0 721880 145409 883848 60671 919239 190954 105064 557745 796043 654458 9844 163879 343799 352565 351569 494628 634607 636815 196276 968665 414988 34759 963377 655514 642256 96294 45925 592348 126824 110887 66169 59959 491858 927348 998770 167339 412119 248380 824260 49219 816749 596744 326819 770072 734388 585781 761874 762810 566809 641271 747659 824783 677193 442200 414677 23688 770104 94598 888207 996222 753699 43871 500846 804452 999049 990929 282671 875934 365712 200486 356120 895381 638525 120295 823675 861160 955699 80987 39971 380407 228034 993976 978235 809775 608236 492532
939904 10417 890477 17117 6225 256350 425025 482405 351500 535544 69691 397378 463862 721880 0 243634 245131 911588 775570 191860 428460 73386 920993 865643 717390 858297 348389 547430 861581 392935 169484 291211 780067 874722 8166 290326 903477 13940 236173 970693 695312 253339 864779 788416 96121 955509 339589 997395 862738 940061 519686 157931 528481 301352 973707 673626 758487 654041 944091 927007 257297 681849 793898 886961 63830 754203 166058 287285 201127 79750 930403 589622 781186 884278 857300 496160 279219 717078 409624 272362 383674 837453 215753 70298 628295 291641 306888 161631 140015 651405 796620 138445 852657 347827 445912 177297 786174 279355 174658 718702
744071 156318 986012 551628 262395 499917 834895 306967 78463 773626 525345 358204 477386 145409 243634 0 442223 34640 297717 385634 438355 643236 552935 783695 749041 96664 840111 436104 627259 33219 691317 879722 261354 763434 953501 230144 791021 29368 374576 973579 274392 597234 909991 506678 517761 15953 366215 840414 233919 413091 172346 661165 531406 277919 358826 278403 224255 916848 551816 198091 609471 294760 852686 546860 633025 997957 129999 496467 241026 55850 39575 210230 592383 119523 920126 925523 892072 626824 882154 134970 917857 484550 824922 451202 725451 116490 786817 730440 733590 502211 840004 63060 457989 874904 342814 221494 430158 708154 785786 377911
68085 767976 677546 140463 449484 648651 729432 283172 281569 774055 497792 737639 958108 883848 245131 442223 0 257378 486247 812655 716036 96459 854159 472705 831671 402566 133740 830898 71132 240581 473368 542885 652906 685875 991690 206614 789252 135653 647507 470109 313453 985470 72125 493363 850015 485201 826693 754016 599757 770879 728943 242485 898960 860210 195250 312156 252866 384543 667341 280592 744285 231959 208596 983832 390068 689016 48161 395537 952655 116015 815281 20128 748623 824949 444346 220360 578597 103017 464746 675296 816711 776645 805276 275633 830981 694261 161071 908864 853584 967532 759274 159330 714067 127106 179018 57678 239706 761706 710352 397378
216181 899793 172806 784239 394877 90017 278240 346269 880656 114174 46301 840796 655744 60671 911588 34640 257378 0 98243 222329 200350 964862 427967 911632 590713 688453 505764 778576 174258 153513 39861 310481 730127 158833 526133 604268 836763 306435 993382 674171 604755 984128 605400 385743 691354 153245 906396 599248 827988 847135 27245 268309 21739 571647 876772 164887 445354 575903 725897 265163 94451 664319 959953 111926 178268 193495 676104 208276 661867 469789 158332 408984 171637 858501 126299 376814 426043 971020 612221 925821 858892 940592 280609 724386 355986 316630 300757 151765 327720 956193 451600 457263 614348 274199 981220 211510 801864 511495 548936 257816
247895 898239 149404 558630 931947 740346 997902 70954 919359 302408 825187 693494 590227 919239 775570 297717 486247 98243 0 569759 409507 268036 943387 29299 504259 553181 356969 500338 177305 282262 723230 32403 519594 543810 156791 804756 409993 216089 216487 190790 590250 709538 309616 285919 990511 522921 552729 561946 977224 952502 675710 684302 915830 313433 561286 436410 536071 593394 276078 759451 763581 975949 970672 557994 242685 295061 435871 489324 52332 183619 260559 362266 763167 597596 838089 804157 420484 737140 318661 925476 52598 558523 766272 845983 869465 225078 493059 107681 63379 642088 224168 17743 428983 571110 707327 724692 89303 771173 51450 101450
509062 503579 87639 278290 909825 403729 56534 591646 979983 460935 997004 764054 611957 190954 191860 385634 812655 222329 569759 0 642106 799665 163363 645381 234205 50661 713260 823292 564783 111656 298635 648222 906887 103085 744078 444661 599088 621262 615078 356799 28581 30340 775660 224949 198331 104388 779677 612506 412165 505947 581254 611219 945362 990895 970668 796606 105705 942805 897317 739372 714134 945655 822309 986661 212943 480839 816090 267383 785056 695684 277024 309605 925272 325587 109192 138024 806249 659361 774698 665305 573582 717328 407785 714645 582317 537786 198619 740849 401107 145584 914144 16882 623880 623930 952143 478753 360762 788194 930148 283889
806533 828826 454399 211990 997664 659880 105451 830772 75633 291996 979067 965286 791886 105064 428460 438355 716036 200350 409507 642106 0 984309 724172 288354 133542 601518 801883 489222 494028 563454 649595 634576 710642 304792 27178 35062 765929 818913 951172 407260 991435 330448 356691 850502 21490 199301 214868 386106 576448 463281 683684 580267 749263 984264 455511 220275 904837 2321 836465 658363 431005 264131 348875 513724 693167 962599 784815 959581 940619 646891 591437 913814 597432 633662 691122 14431 987054 610894 559876 139729 785916 615311 48006 814327 678653 414021 570704 952661 710680 144706 529069 66572 295054 502672 207021 615716 881255 717234 764827 521803
333 133656 448195 373298 249609 607353 47723 488033 197380 589292 998107 754371 552176 557745 73386 643236 96459 964862 268036 799665 984309 0 552307 572996 181236 822192 731681 270739 710750 667728 816801 60557 440799 229103 874710 34658 259427 180249 118074 557784 348082 798731 578050 638398 428633 430658 16498 32379 940274 514878 168156 245646 764798 334985 698338 281313 738768 591882 828285 433385 776273 81958 432860 278566 415209 872348 424330 510386 524031 856471 761094 826232 935283 458775 341723 169122 542776 622889 490672 539258 549721 946783 601480 305330 782169 178707 292755 648825 584147 497609 402732 805106 945957 163631 863673 841729 262154 219395 436885 531847
651876 874094 144549 309472 372682 653116 773168 733509 794558 64159 563845 557743 643850 796043 920993 552935 854159 427967 943387 163363 724172 552307 0 224832 758640 678343 547601 594678 242181 183371 273317 624288 764153 594 391041 965679 983324 9280 675544 556059 706425 336325 825347 368856 759566 27245 880331 363780 225021 727702 265932 437902 926759 547363 705893 865184 855577 464682 479801 214040 164915 871790 907162 632814 889110 631699 961239 430528 195048 184390 129057 269037 144180 236412 613090 464327 674226 690900 779752 652074 21995 473953 510604 276439 155622 962511 441529 826992 747605 144392 384026 293653 358337 604534 841323 604160 832064 788374 751680 760579
706443 972815 299077 537497 500399 965744 818605 628817 357904 927111 19835 271714 530106 654458 865643 783695 472705 911632 29299 645381 288354 572996 224832 0 466199 26250 753495 96319 574128 293735 925114 231613 318610 485370 726029 198948 538998 639175 206639 660020 196968 785909 186258 663539 520624 214713 172594 397008 417771 150764 213147 164976 64369 861629 87022 706014 704676 912538 200864 594342 666402 304039 534788 491145 113395 406558 627186 505749 350567 149772 891547 893429 329400 368556 886090 3466 685318 310653 245486 817207 744514 327967 747452 805707 278865 523708 77069 216155 688138 135674 676391 286115 504777 90172 883186 395873 706880 909224 552084 973896
114104 283754 68174 19616 90479 897853 922341 620983 472254 719575 712776 851726 631006 9844 717390 749041 831671 590713 504259 234205 133542 181236 758640 466199 0 130134 845282 70316 273757 88308 472209 623093 762745 571673 25857 748797 37552 212438 177149 258271 712880 307259 389585 699099 484104 775837 70193 743655 808979 316676 696177 403471 45415 771155 283469 534059 630734 912497 578493 930835 142550 28128 956007 913895 321566 510672 338564 825494 34365 954428 511355 63131 191078 829649 998187 165297 217621 478974 788159 758156 162461 818307 638471 287599 942575 121165 957272 880166 73257 912626 599999 685376 137591 266962 347405 194237 773348 13732 48030 600426
379216 675227 215904 142361 709065 322071 129005 250383 135702 782867 847751 402259 502118 163879 858297 96664 402566 688453 553181 50661 601518 822192 678343 26250 130134 0 138955 570255 282784 59136 473716 794254 220516 583675 718384 686544 82255 44431 92711 814754 129005 423307 845532 429097 585149 630053 307714 847965 791940 118032 791315 77870 936030 382846 13765 649984 836161 710789 185164 28089 270393 523227 165716 849271 677752 698149 291898 252083 432325 534462 412750 916469 57633 963444 751622 554127 704325 255343 718058 978030 607773 967014 957576 78874 885502 811590 468456 299961 995121 530822 925692 47855 487452 157598 659562 797585 786423 355864 797178 911022
544850 327342 346258 670662 793911 622071 764962 300236 142163 507 754397 162304 753015 343799 348389 840111 133740 505764 356969 713260 801883 731681 547601 753495 845282 138955 0 175736 521331 546838 294093 551066 972287 93371 833473 438693 520280 9742 53573 780407 408813 876905 13288 908086 361794 519174 256242 166928 651568 559834 56572 15698 25182 805331 403125 420332 777392 295803 476226 122380 759039 291706 991741 83508 49454 514627 652263 957610 855459 425870 492104 76084 300909 370292 290381 228575 868029 945949 329010 979916 459879 784276 535822 58404 457982 192058 194110 325567 446264 59426 287206 334528 692290 475954 265323 228981 944491 548024 19196 802195
809051 265628 711486 677258 360477 50645 234367 953239 988801 801020 386844 947881 181821 352565 547430 436104 830898 778576 500338 823292 489222 270739 594678 96319 70316 570255 175736 0 910982 559758 403368 302053 837597 966238 424508 128606 545674 298812 275555 935117 879184 979086 292367 396451 182955 15084 760601 30144 619237 649494 607273 50902 459049 906497 565801 230385 164921 139565 249181 513789 747653 891534 454046 181502 464341 136303 65258 173926 179858 642135 917692 932833 850781 973604 14176 121808 695829 26708 8845 401543 932748 231967 236736 187982 707807 863467 853391 450178 248008 575288 154465 118979 288803 689429 640657 6087 264844 773391 775756 217155
831121 349136 968 930143 428829 543620 84079 848877 137901 553459 518125 443621 102665 351569 861581 627259 71132 174258 177305 564783 494028 710750 242181 574128 273757 282784 521331 910982 0 498307 794197 253443 618598 873108 888126 301766 356151 826072 223258 443024 871629 595951 650045 279228 149133 915962 74135 338075 755303 976326 415819 435670 607234 167486 713738 682503 1702 637690 596244 317473 676324 397274 334248 696312 901925 15484 692057 25859 97791 932710 402939 89447 426812 76802 979469 782492 642506 441537 961079 217995 291474 934365 75804 975341 409549 778978 506083 475629 375102 473543 899599 609114 538747 51884 104104 740792 158078 43125 492426 55203
745049 975007 747094 128675 907573 77029 309487 562615 364428 954877 851856 172286 227399 494628 392935 33219 240581 153513 282262 111656 563454 667728 183371 293735 88308 59136 546838 559758 498307 0 756720 652823 130355 277191 854843 766716 274970 257867 4757 570145 228363 276993 705178 332061 821063 884303 152284 870306 776832 73804 58783 185628 762513 834566 20259 755630 412311 764020 301244 565178 953383 331242 332329 509 380389 316858 455501 936081 80306 936695 148118 883713 11431 754074 233521 362320 272126 54802 962390 108821 808006 913026 924447 91424 634782 315560 534325 769581 64650 400607 884687 479415 280613 818406 597741 838955 860593 260647 332601 122791
259472 964128 930501 24998 711396 410945 177942 492860 204939 225209 239776 312639 104996 634607 169484 691317 473368 39861 723230 298635 649595 816801 273317 925114 472209 473716 294093 403368 794197 756720 0 222944 385069 985306 204473 464580 694138 552538 707959 116467 215647 68501 883735 831747 532134 173783 137779 249601 726817 519791 914517 38270 841290 742481 703145 71215 797606 69845 498568 216963 193951 616410 930859 282236 946784 444540 923334 202313 850844 373797 170243 423529 437345 184477 194126 330106 948123 129592 586513 958840 560031 887967 644518 966562 707035 320806 670606 780191 139453 589857 757336 232503 800219 25019 978071 176821 684781 326523 760546 337775
423195 582180 308722 873909 501147 457964 861012 117767 150750 428769 322954 833350 319040 636815 291211 879722 542885 310481 32403 648222 634576 60557 624288 231613 623093 794254 551066 302053 253443 652823 222944 0 319009 43368 770174 954138 786977 629602 697800 493356 33305 148941 722395 509020 40445 50776 996994 556242 56025 167127 570433 153906 755377 449036 897574 249272 335726 648267 144113 714911 486192 940941 946194 236839 39016 869619 820937 228946 898425 182475 594590 575854 414672 899016 774707 817741 323975 852844 527821 781558 165099 698498 103625 282382 247512 134973 337640 857276 232878 237593 477648 904843 499237 721699 631566 941113 162924 365745 976413 546446
145442 218013 943796 352973 883809 285356 776722 799618 92359 304023 194166 883110 624723 196276 780067 261354 652906 730127 519594 906887 710642 440799 764153 318610 762745 220516 972287 837597 618598 130355 385069 319009 0 66868 271966 666932 422216 232212 441346 384721 637123 219094 448261 645035 141066 689022 752470 532906 660718 292151 441225 659936 751440 117251 459938 342607 367753 763651 601473 2516 400912 68370 343583 346251 74907 921950 153881 461870 523658 631518 277623 224944 848456 599524 583103 808465 249097 229012 587276 729349 47969 396177 604743 613026 432716 800757 342525 79449 363008 336586 852892 595517 718654 874251 766167 832238 488415 955154 644408 191977
256568 620024 133680 123208 312096 965808 704090 691823 552168 357885 663465 19791 432087 968665 874722 763434 685875 158833 543810 103085 304792 229103 594 485370 571673 583675 93371 966238 873108 277191 985306 43368 66868 0 495701 701524 539191 573484 293462 314938 545026 120284 681465 583264 68745 151541 635474 70913 627553 211627 102604 327931 368395 67819 536206 194758 569645 607590 291984 480841 126036 898762 893396 79252 325896 580556 95187 187544 283498 728814 141489 716007 992247 969333 469725 704994 534846 441943 351487 525539 996781 983469 163512 347138 431656 507772 538274 504495 960857 617343 172850 303828 149084 870674 200652 159313 744481 303180 847259 50156
878731 77133 895752 980258 448046 787510 997031 482200 643283 170704 51167 145081 283284 414988 8166 953501 991690 526133 156791 744078 27178 874710 391041 726029 25857 718384 833473 424508 888126 854843 204473 770174 271966 495701 0 328281 192722 946235 805519 222113 514307 444639 694781 926916 118624 527247 146336 861990 54609 722946 151288 299994 95954 614296 240784 333603 772826 933383 849817 311917 629131 628258 845862 30733 709592 807619 565875 899853 474949 419044 703889 151226 215307 981535 47781 695141 533939 755618 175011 428854 128642 930187 23732 798034 31628 369294 872749 177634 587956 986343 352926 977796 172876 818123 955187 537861 96671 392416 955482 53499
619858 395251 481337 688567 874956 948148 13936 675632 742100 447385 390651 743054 732095 34759 290326 230144 206614 604268 804756 444661 35062 34658 965679 198948 748797 686544 438693 128606 301766 766716 464580 954138 666932 701524 328281 0 929728 534471 40197 439560 216007 736529 848486 546852 182011 750864 664826 934745 76777 286682 636711 411574 425103 984890 364870 412489 400903 394370 229145 710294 30413 213202 942460 913740 615018 878593 505221 154015 366028 124052 173090 703882 118853 514056 442929 62150 194231 739536 613095 13481 66080 776522 61034 673475 700523 21468 596613 440119 783319 451306 546865 694863 995583 185159 613862 738482 991325 662031 49349 19116
798236 222886 829292 190348 578385 650811 190128 630799 146750 170044 644218 477891 46455 963377 903477 791021 789252 836763 409993 599088 765929 259427 983324 538998 37552 82255 520280 545674 356151 274970 694138 786977 422216 539191 192722 929728 0 951962 21104 105339 997432 391556 541452 552885 697915 970263 903262 356091 844121 915217 841344 286208 221927 43302 963670 374210 850891 440658 187705 218833 547656 440264 908890 670528 874504 854814 96323 113053 988866 554043 869319 553977 641955 230640 413316 840409 153890 239835 899085 869930 267427 351108 539361 306201 833447 644431 521319 132915 213550 572344 662390 387197 504889 245473 58856 122135 289263 620248 920815 967167
811795 661325 659207 691392 152654 469940 428560 252883 186590 768622 282088 226114 563636 655514 13940 29368 135653 306435 216089 621262 818913 180249 9280 639175 212438 44431 9742 298812 826072 257867 552538 629602 232212 573484 946235 534471 951962 0 965541 448382 506810 5677 570747 855306 707558 780554 280813 709157 644743 684165 353672 560820 183474 926229 7521 381427 863277 4149 463353 510147 655111 910161 18197 608799 28261 916669 775430 540188 377461 572131 148136 208829 303920 429278 874315 314257 878897 753276 966928 663414 603417 943067 797707 849154 668783 629489 291475 6606 392440 142286 968593 580932 94104 151195 762506 851904 420490 400718 793841 681613
707638 514115 430829 670109 14073 219591 618025 45116 396819 90946 50860 876932 254592 642256 236173 374576 647507 993382 216487 615078 951172 118074 675544 206639 177149 92711 53573 275555 223258 4757 707959 697800 441346 293462 805519 40197 21104 965541 0 115827 162415 515287 770392 613942 423066 586800 661602 367606 116833 786396 413316 178115 405487 442688 800930 400761 126192 246515 509031 574893 458394 768358 345616 767956 384465 983074 81253 403069 962776 149353 556582 390772 331549 55067 230632 892183 992794 982547 866008 340531 209027 396949 302837 116407 612546 114521 493548 192818 131925 162591 122098 118060 500497 811571 468875 342517 650054 492022 805601 960195
671130 439687 712809 215552 242972 910077 674282 856553 717346 638449 803166 737990 600539 96294 970693 973579 470109 674171 190790 356799 407260 557784 556059 660020 258271 814754 780407 935117 443024 570145 116467 493356 384721 314938 222113 439560 105339 448382 115827 0 590834 798996 919708 267421 912778 662942 157788 96240 980886 446203 963130 444868 505105 686475 757545 262009 781231 282413 261011 755005 171819 958292 686015 460987 479569 577552 590047 504145 372048 120438 295259 112285 537610 429710 831893 189620 315094 553630 172439 234492 751561 646712 748914 931021 374393 50813 306893 204233 515118 79731 278952 303932 184529 46808 433933 533181 79629 199868 604913 518714
678326 829271 137848 226975 913187 305196 971577 691695 900797 840890 114941 731732 880459 45925 695312 274392 313453 604755 590250 28581 991435 348082 706425 196968 712880 129005 408813 879184 871629 228363 215647 33305 637123 545026 514307 216007 997432 506810 162415 590834 0 879200 832159 949246 95052 120967 34880 272347 656964 555522 420725 702516 188233 124120 416591 159224 774137 128410 201210 308939 76024 198405 230671 518165 599513 150760 703868 877516 113039 266031 983411 25774 122837 820580 77753 486188 715353 631422 751128 928577 628321 528961 710870 820382 662618 754539 768589 393812 538333 76312 539446 496389 432183 143989 264387 819983 648476 377814 210685 125190
817937 439793 81740 201582 392756 778387 545879 285705 343036 784385 333434 213005 430060 592348 253339 597234 985470 984128 709538 30340 330448 798731 336325 785909 307259 423307 876905 979086 595951 276993 68501 148941 219094 120284 444639 736529 391556 5677 515287 798996 879200 0 297289 205417 766964 787848 165798 42118 453918 294468 135547 524218 274023 474297 66551 511542 515194 570636 437158 195621 810332 916252 630667 599803 941452 112865 181024 233443 780687 25812 414667 629227 66698 396808 182665 705179 793823 900423 197232 266091 211520 672706 871195 310434 345978 661987 709221 112470 1725 80128 50141 18149 427900 856497 650463 268100 294736 864328 274694 804290
662955 77137 952572 816184 455620 196814 536554 889885 970645 753539 719911 186829 100837 126824 864779 909991 72125 605400 309616 775660 356691 578050 825347 186258 389585 845532 13288 292367 650045 705178 883735 722395 448261 681465 694781 848486 541452 570747 770392 919708 832159 297289 0 424574 110366 270320 882434 1453 317399 126421 479732 428667 466127 218164 190421 371588 183093 854722 696975 688487 520993 392521 595755 751887 300639 761563 629491 761141 705096 869512 684867 517093 178722 597319 69083 851845 911166 602935 391924 523757 198476 912523 281382 590068 718393 270391 386773 257087 429479 984268 633983 751156 877829 385751 129650 587298 33224 29484 51218 505842
89041 604262 390458 717215 322179 565750 405814 361212 36376 218100 310292 113011 854096 110887 788416 506678 493363 385743 285919 224949 850502 638398 368856 663539 699099 429097 908086 396451 279228 332061 831747 509020 645035 583264 926916 546852 552885 855306 613942 267421 949246 205417 424574 0 343617 919681 746460 320949 574543 763978 567730 949469 968785 477495 449157 471857 999770 820602 194549 150608 751396 738484 751304 466894 885542 56394 889764 1871 15158 555200 677155 460789 407955 218881 385294 649388 417879 576323 87582 986041 741728 296223 719957 612335 317559 486239 763827 217921 826439 695116 86289 309146 961092 551693 434314 803873 584137 190028 156841 966109
908824 533059 742276 827626 209610 885932 732026 954513 683870 17048 311796 599059 697943 66169 96121 517761 850015 691354 990511 198331 21490 428633 759566 520624 484104 585149 361794 182955 149133 821063 532134 40445 141066 68745 118624 182011 697915 707558 423066 912778 95052 766964 110366 343617 0 276539 128771 86622 82951 615785 661948 284440 849493 849682 584626 297055 966693 858345 509281 694679 887354 179174 308539 680230 585578 174085 873645 50046 978010 218793 84346 322955 132244 547977 625530 359341 686074 406732 460784 686473 721180 881470 496088 59642 406161 516185 382820 310261 500620 327678 197919 545804 288564 880187 845808 648108 756338 749921 996497 664056
797120 238726 540051 148054 647737 887993 529898 886463 886134 8802 690144 289307 566474 59959 955509 15953 485201 153245 522921 104388 199301 430658 27245 214713 775837 630053 519174 15084 915962 884303 173783 50776 689022 151541 527247 750864 970263 780554 586800 662942 120967 787848 270320 919681 276539 0 517358 605666 358338 936192 801259 144372 764097 283269 672220 173430 978731 503503 790759 14141 356656 422840 830827 753351 357899 945466 701248 471811 170621 127801 119968 251571 222528 516114 115834 478866 783600 896235 288098 16620 377277 12858 888259 7728 977603 189997 87554 431410 763119 846483 765851 780041 772668 945127 343137 672293 214663 164583 545943 148392
949327 138009 460884 531008 663523 191750 258892 976441 660995 380567 155768 298517 349653 491858 339589 366215 826693 906396 552729 779677 214868 16498 880331 172594 70193 307714 256242 760601 74135 152284 137779 996994 752470 635474 146336 664826 903262 280813 661602 157788 34880 165798 882434 746460 128771 517358 0 185142 408620 474168 942809 404965 340367 73260 588584 348892 73687 162018 446708 570952 671036 437482 157754 914684 396264 840587 736624 165978 344423 848677 236298 62288 941971 196595 157529 678665 513111 953189 694425 323408 3235 681289 125173 429030 180118 355380 310398 223980 223447 623553 623559 495258 833071 831616 9168 172148 229234 536963 593762 744445
632176 26620 270617 485466 476669 393671 918147 513191 693503 821362 779099 544312 436312 927348 997395 840414 754016 599248 561946 612506 386106 32379 363780 397008 743655 847965 166928 30144 338075 870306 249601 556242 532906 70913 861990 934745 356091 709157 367606 96240 272347 42118 1453 320949 86622 605666 185142 0 546214 968704 61799 161941 955763 764204 33296 529585 136338 474888 256350 459261 706677 142962 579239 920373 310564 15454 66242 560924 139277 10371 941723 296889 777020 245014 355140 671864 257557 775567 956972 288914 68396 478731 781116 774828 698108 911141 254094 419204 823040 242797 599256 416205 490325 163477 457068 734380 147766 138567 417684 17242
489922 300958 133420 448471 722835 675247 583697 340268 244576 741719 591596 734115 62095 998770 862738 233919 599757 827988 977224 412165 576448 940274 225021 417771 808979 791940 651568 619237 755303 776832 726817 56025 660718 627553 54609 76777 844121 644743 116833 980886 656964 453918 317399 574543 82951 358338 408620 546214 0 542883 832414 923340 555212 219829 847661 844691 147526 163050 612174 855384 51653 968065 602458 100924 645072 370530 428132 594846 59126 710588 91499 351753 630252 797547 330172 385677 263080 965574 199524 174911 972926 349956 11029 769139 567427 66705 315947 247781 2356 983018 161069 341820 347676 365247 754043 620333 999951 28731 976811 997473
579814 195341 144975 714373 644829 908141 946196 984414 422384 488597 79320 480465 778515 167339 940061 413091 770879 847135 952502 505947 463281 514878 727702 150764 316676 118032 559834 649494 976326 73804 519791 167127 292151 211627 722946 286682 915217 684165 786396 446203 555522 294468 126421 763978 615785 936192 474168 968704 542883 0 849209 523184 579227 414969 82143 813181 738649 142594 514855 633338 738936 426374 800497 692373 736565 193031 311917 357563 383220 9890 578195 448174 857693 404000 164694 471 374781 850124 596180 38703 302880 336021 171332 616882 263744 412604 497010 84794 269653 416591 318349 360768 498354 419870 127684 40469 839876 993516 479928 543682
166559 751034 240617 425594 310190 136289 524572 362252 273938 523708 418048 87764 619822 412119 519686 172346 728943 27245 675710 581254 683684 168156 265932 213147 696177 791315 56572 607273 415819 58783 914517 570433 441225 102604 151288 636711 841344 353672 413316 963130 420725 135547 479732 567730 661948 801259 942809 61799 832414 849209 0 469132 289553 623682 547453 273849 194853 158433 129950 691953 77201 306598 41582 192025 49017 764525 865777 352774 643653 342685 407705 366700 285925 949934 161962 163595 576572 71624 664544 730536 910993 898584 24825 77166 252891 674813 561911 212391 910990 552441 111728 109193 491748 327260 850380 815373 102726 620521 570260 321943
328750 71500 277741 187003 436430 36363 147939 826610 229239 88984 118985 741994 412693 248380 157931 661165 242485 268309 684302 611219 580267 245646 437902 164976 403471 77870 15698 50902 435670 185628 38270 153906 659936 327931 299994 411574 286208 560820 178115 444868 702516 524218 428667 949469 284440 144372 404965 161941 923340 523184 469132 0 652735 831217 81278 413636 716952 205350 447829 554524 757003 989405 583615 963807 313070 550283 45898 219987 312226 679762 485054 881746 342259 608685 115507 163276 720476 30901 833853 335262 694148 690031 9651 302440 536247 2579 366685 738333 762233 472937 823672 827627 815420 615112 337194 902166 413845 211385 235934 663023
206113 122245 921422 496151 147824 647242 215514 145412 747232 552082 998954 913756 110543 824260 528481 531406 898960 21739 915830 945362 749263 764798 926759 64369 45415 936030 25182 459049 607234 762513 841290 755377 751440 368395 95954 425103 221927 183474 405487 505105 188233 274023 466127 968785 849493 764097 340367 955763 555212 579227 289553 652735 0 802327 391143 726822 871149 954237 397869 241449 740634 872937 319310 859909 569899 776375 890243 160095 761311 308781 427542 57090 380410 778026 101536 770100 527970 16966 711855 379891 550470 829377 755260 996064 985804 423584 961677 271509 897141 716098 890996 536974 466132 306849 902956 45807 356164 15715 953164 943064
688701 46817 836980 336680 74718 440917 336157 213637 576195 145261 333646 30350 348994 49219 301352 277919 860210 571647 313433 990895 984264 334985 547363 861629 771155 382846 805331 906497 167486 834566 742481 449036 117251 67819 614296 984890 43302 926229 442688 686475 124120 474297 218164 477495 849682 283269 73260 764204 219829 414969 623682 831217 802327 0 726158 323368 912184 171239 213349 596396 484146 91066 117194 672383 435897 636951 614897 111806 912257 988103 284999 242130 864565 510299 895740 90742 798862 45894 895517 323933 719524 510555 306389 502942 85089 23423 974426 503206 146873 445218 438978 301683 363744 427039 141671 293177 437385 352603 48988 584477
634034 330721 71346 753807 49940 118894 926143 186850 605858 667437 246821 269167 158653 816749 973707 358826 195250 876772 561286 970668 455511 698338 705893 87022 283469 13765 403125 565801 713738 20259 703145 897574 459938 536206 240784 364870 963670 7521 800930 757545 416591 66551 190421 449157 584626 672220 588584 33296 847661 82143 547453 81278 391143 726158 0 921356 782204 186083 990690 657845 669989 81218 727028 221581 917763 951253 87922 776396 755410 834697 158094 487308 172987 473925 498744 42464 77311 165331 367357 222722 791206 677733 924564 87142 809822 441490 527414 119025 833218 201237 25796 942640 222230 636459 906166 969532 285216 198610 22640 93255
225206 343769 661330 858723 897890 618585 463517 55536 764415 324420 601221 99746 826583 596744 673626 278403 312156 164887 436410 796606 220275 281313 865184 706014 534059 649984 420332 230385 682503 755630 71215 249272 342607 194758 333603 412489 374210 381427 400761 262009 159224 511542 371588 471857 297055 173430 348892 529585 844691 813181 273849 413636 726822 323368 921356 0 738274 530718 119961 889399 126868 346931 383211 394011 485362 845889 797430 473915 529090 431213 586077 560263 774986 911940 462994 675581 555966 920826 349015 84866 421955 206257 459687 493539 340309 26164 350903 455209 557194 690353 221977 521006 433745 894744 721204 385341 321764 27951 485009 16498
746769 289887 726076 508130 821005 287345 616735 383990 294767 613770 740494 801008 90632 326819 758487 224255 252866 445354 536071 105705 904837 738768 855577 704676 630734 836161 777392 164921 1702 412311 797606 335726 367753 569645 772826 400903 850891 863277 126192 781231 774137 515194 183093 999770 966693 978731 73687 136338 147526 738649 194853 716952 871149 912184 782204 738274 0 661979 745321 367429 98320 860872 323208 389970 288619 174814 825406 47819 509092 364660 702510 638003 951513 397382 177751 994388 246074 459476 327977 312223 591914 839567 76061 643440 269105 459846 256936 886306 95818 822997 763642 50593 527531 571822 535575 812910 51257 788925 149789 731947
