10
851108 60002 475020 526278 255901 294543 298330 12570 643178 847608
0 198737 166608 382922 932649 858046 290517 788442 433557 692720
198737 0 742099 547997 704186 651669 222137 318771 721365 745936
166608 742099 0 416961 419438 311588 389219 349984 614443 735090
382922 547997 416961 0 27323 961690 621039 335676 143097 988039
932649 704186 419438 27323 0 990673 416147 852964 598564 777783
858046 651669 311588 961690 990673 0 292610 543177 2556 218246
290517 222137 389219 621039 416147 292610 0 805162 974545 386112
788442 318771 349984 335676 852964 543177 805162 0 239046 256369
433557 721365 614443 143097 598564 2556 974545 239046 0 185385
692720 745936 735090 988039 777783 218246 386112 256369 185385 0
